station id, station name, valid,povp. T [°C],abs. max T [°C],abs. min T [°C],povp. oblačnost [%],količina padavin [mm],št. dni z viharnim vetrom,št. dni z nevihto,št. dni s točo
_1719,BIZELJSKO,2001/01,3,17.6,-5,94,96.9,0,0,0
_1719,BIZELJSKO,2001/02,3.6,16,-7.2,52,10.5,0,1,0
_1719,BIZELJSKO,2001/03,9.1,24.2,-2.2,77,125.9,2,1,0
_1719,BIZELJSKO,2001/04,10,26.8,-3.4,59,104.9,0,0,0
_1719,BIZELJSKO,2001/05,17.2,31,5.8,47,83.7,0,5,0
_1719,BIZELJSKO,2001/06,17.8,31.6,6.2,51,116.7,1,4,0
_1719,BIZELJSKO,2001/07,21.2,34.8,10.6,54,77.8,0,2,0
_1719,BIZELJSKO,2001/08,21.8,36,8.6,30,14.5,0,1,0
_1719,BIZELJSKO,2001/09,13.8,26.8,5,75,181.6,0,0,0
_1719,BIZELJSKO,2001/10,13.5,26.6,0.4,55,19.6,0,0,0
_1719,BIZELJSKO,2001/11,3,15.2,-6.6,63,88,0,0,0
_1719,BIZELJSKO,2001/12,-3.1,8.4,-17.4,64,44.9,0,0,0
_1719,BIZELJSKO,2002/01,-0.2,15.4,-13.2,55,19.2,0,0,0
_1719,BIZELJSKO,2002/02,5.4,15.6,-3.2,66,62.7,0,0,0
_1719,BIZELJSKO,2002/03,8.4,21.4,-3,47,33,2,1,0
_1719,BIZELJSKO,2002/04,10.2,23.8,-1,75,133.8,1,1,1
_1719,BIZELJSKO,2002/05,17.5,31.6,5.8,51,73,1,3,0
_1719,BIZELJSKO,2002/06,20.4,35.2,8.6,38,66.4,1,2,0
_1719,BIZELJSKO,2002/07,21.3,32.8,10.6,51,118.6,0,6,1
_1719,BIZELJSKO,2002/08,20.2,31.2,12,56,154.8,1,5,0
_1719,BIZELJSKO,2002/09,15,27.4,4.6,63,65.4,2,1,0
_1719,BIZELJSKO,2002/10,10.7,22.6,0.4,67,119,1,2,0
_1719,BIZELJSKO,2002/11,8.9,22.2,-3.4,76,66.7,1,0,0
_1719,BIZELJSKO,2002/12,1.7,12.8,-6.4,94,71.4,0,0,0
_1719,BIZELJSKO,2003/01,-2,15.2,-18,71,65.2,0,0,0
_1719,BIZELJSKO,2003/02,-2.6,13.4,-13.8,48,35,0,0,0
_1719,BIZELJSKO,2003/03,6.5,23.2,-7.2,47,9.4,1,1,0
_1719,BIZELJSKO,2003/04,10.2,25.6,-3.4,51,35.3,0,0,0
_1719,BIZELJSKO,2003/05,18.4,33,3.6,40,38.7,2,3,0
_1719,BIZELJSKO,2003/06,23.7,36,11,42,25.7,0,1,0
_1719,BIZELJSKO,2003/07,22.2,36.6,10.6,46,47.8,0,5,0
_1719,BIZELJSKO,2003/08,24.2,39.4,11,34,26.8,4,4,0
_1719,BIZELJSKO,2003/09,15.4,30,4,45,85.8,3,0,0
_1719,BIZELJSKO,2003/10,8.8,25.4,-4,70,129.1,9,4,0
_1719,BIZELJSKO,2003/11,7.3,21.4,-3.6,69,63.9,15,0,0
_1719,BIZELJSKO,2003/12,0.9,13.2,-10.8,61,39.5,8,0,0
_1719,BIZELJSKO,2004/01,-1.1,11,-13,69,72.1,14,0,0
_1719,BIZELJSKO,2004/02,1.9,16.8,-6.4,69,58.9,2,0,0
_1719,BIZELJSKO,2004/03,4.8,24.4,-7.4,67,79.3,0,0,0
_1719,BIZELJSKO,2004/04,11.1,25.6,0,77,129.8,0,0,0
_1719,BIZELJSKO,2004/05,14,29,2.4,55,64.7,1,0,0
_1719,BIZELJSKO,2004/06,18.5,34.8,9.2,62,81.1,6,6,0
_1719,BIZELJSKO,2004/07,20.4,35,8,50,97.4,3,3,0
_1719,BIZELJSKO,2004/08,20.2,32.8,9.6,48,100.7,4,5,0
_1719,BIZELJSKO,2004/09,15.5,29,3.8,56,64.8,5,0,0
_1719,BIZELJSKO,2004/10,12.6,24.8,2,73,165.5,2,2,0
_1719,BIZELJSKO,2004/11,6.1,16,-6.8,73,55.4,3,0,0
_1719,BIZELJSKO,2004/12,1.1,11.4,-8.6,77,58.2,1,0,0
_1719,BIZELJSKO,2005/01,-0.7,13.4,-18.4,52,20,1,0,0
_1719,BIZELJSKO,2005/02,-2,7.6,-19.2,68,61.6,0,1,0
_1719,BIZELJSKO,2005/03,4.6,24,-15.2,53,57.7,1,1,0
_1719,BIZELJSKO,2005/04,11.4,25.8,-2.2,54,87.5,3,0,0
_1719,BIZELJSKO,2005/05,15.9,33.2,2.6,50,93.2,1,3,0
_1719,BIZELJSKO,2005/06,19.3,34.2,7,49,64.7,6,4,0
_1719,BIZELJSKO,2005/07,20.7,34.6,11,56,197.1,7,4,0
_1719,BIZELJSKO,2005/08,18.4,30,7.5,70,126.6,6,1,0
_1719,BIZELJSKO,2005/09,16.5,30.6,9.2,65,100.4,17,1,0
_1719,BIZELJSKO,2005/10,11.5,22.8,-0.4,63,56.5,19,0,0
_1719,BIZELJSKO,2005/11,4.5,17,-6.4,86,105.8,8,0,0
_1719,BIZELJSKO,2005/12,0.1,10.2,-13,78,92.2,8,0,0
_1719,BIZELJSKO,2006/01,-1.9,6.4,-16,72,38.7,5,0,0
_1719,BIZELJSKO,2006/02,0.4,14.6,-14,74,48.4,7,1,0
_1719,BIZELJSKO,2006/03,4.9,20,-10.8,64,73.7,5,1,0
_1719,BIZELJSKO,2006/04,11.7,27,-2.4,63,115.1,6,1,0
_1719,BIZELJSKO,2006/05,15.4,30,4.6,58,157,3,1,0
_1719,BIZELJSKO,2006/06,19.9,36,5.8,46,31.8,8,2,1
_1719,BIZELJSKO,2006/07,22.8,35.8,9.8,35,34.9,13,1,0
_1719,BIZELJSKO,2006/08,18.1,31,8.6,69,175.3,23,2,0
_1719,BIZELJSKO,2006/09,17.3,30.2,6.6,47,92.7,24,2,0
_1719,BIZELJSKO,2006/10,12.4,25.2,-0.8,52,79.2,25,1,0
_1719,BIZELJSKO,2006/11,7.9,19.6,-4,66,60.3,3,0,0
_1719,BIZELJSKO,2006/12,3.2,16.4,-6.8,76,27.4,1,0,0
_1719,BIZELJSKO,2007/01,4.7,16,-8,60,51.7,3,0,0
_1719,BIZELJSKO,2007/02,6,16.6,-5.4,68,62.9,0,0,0
_1719,BIZELJSKO,2007/03,8.1,20.8,-2.4,61,110.6,4,0,0
_1719,BIZELJSKO,2007/04,13.4,27,-0.2,29,9.4,1,0,0
_1719,BIZELJSKO,2007/05,17.3,31,3.2,53,106.4,5,4,1
_1719,BIZELJSKO,2007/06,21.1,34.2,9.4,51,90.6,3,3,0
_1719,BIZELJSKO,2007/07,21.4,38,8.2,33,91.4,6,3,0
_1719,BIZELJSKO,2007/08,20.1,32.6,8,56,120.9,2,3,0
_1719,BIZELJSKO,2007/09,14,26.8,3.2,61,156.3,1,1,0
_1719,BIZELJSKO,2007/10,9.6,23.4,-1.4,73,132.3,3,0,0
_1719,BIZELJSKO,2007/11,4.5,16.8,-6,71,54.8,1,0,0
_1719,BIZELJSKO,2007/12,-0.2,9.6,-9,90,79.3,2,0,0
_1719,BIZELJSKO,2008/01,1.8,12.4,-7.4,78,6.7,2,0,0
_1719,BIZELJSKO,2008/02,4.1,20.6,-9.8,45,17.7,1,0,0
_1719,BIZELJSKO,2008/03,6.4,21,-4.4,72,134.6,4,0,0
_1719,BIZELJSKO,2008/04,11.1,24,-0.4,65,60.5,4,1,0
_1719,BIZELJSKO,2008/05,17,33.6,4.5,48,53.5,2,1,0
_1719,BIZELJSKO,2008/06,20.2,33,10,59,182.6,1,6,0
_1719,BIZELJSKO,2008/07,21.1,33,10.4,50,98.7,5,6,0
_1719,BIZELJSKO,2008/08,20.5,32.6,9,38,116,6,5,0
_1719,BIZELJSKO,2008/09,14.8,31.6,1.6,63,42.6,5,1,0
_1719,BIZELJSKO,2008/10,11.5,23,0.6,61,82.4,3,0,0
_1719,BIZELJSKO,2008/11,6.5,20,-6.6,68,77.8,1,1,0
_1719,BIZELJSKO,2008/12,2.2,12,-7,88,95.1,2,0,0
_1719,BIZELJSKO,2009/01,-1.7,10.8,-13,86,102.2,1,0,0
_1719,BIZELJSKO,2009/02,2.1,15.8,-8.8,70,50.4,0,0,0
_1719,BIZELJSKO,2009/03,6.7,17.4,-4,68,63,5,0,0
_1719,BIZELJSKO,2009/04,14.1,25.6,4,57,42.5,4,2,0
_1719,BIZELJSKO,2009/05,18.1,32.8,6,52,45.5,1,2,0
_1719,BIZELJSKO,2009/06,19.1,34,6.6,63,106.1,5,4,0
_1719,BIZELJSKO,2009/07,21.6,34.2,9.6,39,73.8,3,5,0
_1719,BIZELJSKO,2009/08,21.7,35,8.4,36,98.6,3,5,0
_1719,BIZELJSKO,2009/09,17.8,30.6,7,58,41.6,2,2,0
_1719,BIZELJSKO,2009/10,10.8,27,-4,63,48.1,2,0,0
_1719,BIZELJSKO,2009/11,7.4,17.4,-4,69,89.1,0,0,0
_1719,BIZELJSKO,2009/12,2,15.6,-18.6,86,100.5,1,1,0
_1719,BIZELJSKO,2010/01,-1.2,8,-12,88,79.4,0,0,0
_1719,BIZELJSKO,2010/02,1.4,16.6,-10.4,81,82.5,1,0,0
_1719,BIZELJSKO,2010/03,5.9,20.2,-7,66,46.3,2,2,0
_1719,BIZELJSKO,2010/04,11.8,28.8,-0.4,58,70,3,0,0
_1719,BIZELJSKO,2010/05,15.7,30,3.8,71,111.4,8,2,0
_1719,BIZELJSKO,2010/06,19.6,34.2,6.5,54,133.9,2,4,0
_1719,BIZELJSKO,2010/07,22.6,37,10.2,40,60,4,2,0
_1719,BIZELJSKO,2010/08,20.2,32.6,6,59,98.9,4,5,1
_1719,BIZELJSKO,2010/09,14.6,25.6,5.5,73,224.9,0,1,0
_1719,BIZELJSKO,2010/10,8.5,20,-3.2,73,35.4,2,0,0
_1719,BIZELJSKO,2010/11,7.7,19.6,-4.6,72,125.2,3,0,0
_1719,BIZELJSKO,2010/12,-2,8.6,-16.4,76,75.5,1,1,0