station id, station name, valid,povp. T [°C],abs. max T [°C],abs. min T [°C],povp. oblačnost [%],količina padavin [mm],št. dni z viharnim vetrom,št. dni z nevihto,št. dni s točo
_1901,CELJE,1991/01,0.2,13.2,-10.8,59,53.6,0,0,0
_1901,CELJE,1991/02,-3.5,14.2,-18.2,61,30.6,0,0,0
_1901,CELJE,1991/03,7.4,20.5,-3,76,60.2,0,0,0
_1901,CELJE,1991/04,8.5,21.8,-2.6,75,38,0,3,0
_1901,CELJE,1991/05,11.6,27.4,0.4,75,135.4,0,4,0
_1901,CELJE,1991/06,18.1,31.2,4.2,62,142.6,0,4,0
_1901,CELJE,1991/07,21,32.7,7,57,152.1,2,8,0
_1901,CELJE,1991/08,19.6,30.7,6.4,52,107.6,0,9,0
_1901,CELJE,1991/09,16.4,26.9,5.7,55,73.1,0,3,0
_1901,CELJE,1991/10,8.5,23.3,-5,66,139.6,0,2,0
_1901,CELJE,1991/11,5,17.6,-6,79,242.1,0,1,0
_1901,CELJE,1991/12,-2.3,7.3,-16.8,48,13.5,0,0,0
_1901,CELJE,1992/01,0.6,11.3,-10.6,66,20.6,0,0,0
_1901,CELJE,1992/02,2.6,16.7,-9.4,50,28.4,0,1,0
_1901,CELJE,1992/03,5.4,20.5,-7.8,66,95.9,0,0,0
_1901,CELJE,1992/04,10.4,27.5,-1.6,64,84.7,0,2,0
_1901,CELJE,1992/05,15.3,26.1,3.8,58,26.2,0,5,0
_1901,CELJE,1992/06,18.3,28.2,7.2,62,133.4,0,6,0
_1901,CELJE,1992/07,20.5,33.4,8.2,49,82.2,0,7,0
_1901,CELJE,1992/08,23.1,36.4,10.7,27,15.5,0,6,0
_1901,CELJE,1992/09,15.5,28,0.4,37,67.2,0,2,0
_1901,CELJE,1992/10,9.2,21.5,-3,80,302.7,0,9,0
_1901,CELJE,1992/11,6.3,18.1,-5.1,70,101.3,0,2,0
_1901,CELJE,1992/12,0.4,14.7,-13.4,80,90.2,0,0,0
_1901,CELJE,1993/01,1,13.9,-15.8,59,3.3,2,0,0
_1901,CELJE,1993/02,-0.4,15.2,-11.2,48,0,0,0,0
_1901,CELJE,1993/03,4.4,24.4,-8.9,59,24.1,0,0,0
_1901,CELJE,1993/04,10.2,25.2,-3.5,64,44.9,0,4,0
_1901,CELJE,1993/05,16.6,30.8,4.3,51,41.9,1,14,0
_1901,CELJE,1993/06,18.9,30.7,8.3,60,81.5,1,8,0
_1901,CELJE,1993/07,19.7,34.6,8.2,51,63.6,0,9,0
_1901,CELJE,1993/08,20,34.7,4,45,119.8,1,9,0
_1901,CELJE,1993/09,14.8,25.8,2.2,67,143.4,1,9,0
_1901,CELJE,1993/10,11.1,24.7,-0.5,71,213.1,3,8,0
_1901,CELJE,1993/11,1.8,17.4,-9.6,88,91.9,0,0,0
_1901,CELJE,1993/12,1.6,13.8,-15.7,72,124.1,5,3,0
_1901,CELJE,1994/01,3.4,14.7,-7.9,65,36.5,2,1,0
_1901,CELJE,1994/02,2.1,15.7,-16,72,23.9,1,0,0
_1901,CELJE,1994/03,9.6,22.8,-4.5,59,35.4,0,2,1
_1901,CELJE,1994/04,9.7,24.4,-2.2,71,115.9,1,5,0
_1901,CELJE,1994/05,15.1,28.1,0,58,58.6,0,4,0
_1901,CELJE,1994/06,19,32.3,3.2,60,169,0,10,0
_1901,CELJE,1994/07,21.4,33.2,11.8,47,89.2,0,9,1
_1901,CELJE,1994/08,21.1,34.2,9.1,45,221,0,13,1
_1901,CELJE,1994/09,16.9,29.6,3.6,59,120.4,0,6,0
_1901,CELJE,1994/10,8.3,26.7,-1.9,63,139.7,0,3,0
_1901,CELJE,1994/11,7.3,18.5,-2.4,80,46.9,0,0,0
_1901,CELJE,1994/12,1.4,14.4,-10.5,70,103.9,0,0,0
_1901,CELJE,1995/01,0.2,14.4,-12.4,65,74.3,2,2,3
_1901,CELJE,1995/02,4.2,16.5,-7.1,65,122.1,0,4,1
_1901,CELJE,1995/03,4.4,17.9,-4.8,68,128.6,1,2,0
_1901,CELJE,1995/04,10.5,26.5,-5,60,29.6,0,4,1
_1901,CELJE,1995/05,14.8,27.7,-0.9,59,76,0,4,0
_1901,CELJE,1995/06,16.9,30.6,7.3,68,126,0,12,0
_1901,CELJE,1995/07,21.7,31.7,11.7,45,66.8,0,8,0
_1901,CELJE,1995/08,18.4,30.5,3.4,60,139.5,0,8,0
_1901,CELJE,1995/09,14,25.5,-0.8,67,193.9,0,6,0
_1901,CELJE,1995/10,11.3,23.7,-3,52,3.4,0,0,0
_1901,CELJE,1995/11,3.9,17.2,-10,69,44.8,1,2,0
_1901,CELJE,1995/12,0.6,12.6,-16.8,95,117.9,1,0,1
_1901,CELJE,1996/01,-1,12.7,-9.7,90,77.1,0,0,1
_1901,CELJE,1996/02,-1.8,9.3,-15,68,41.4,0,1,0
_1901,CELJE,1996/03,2.4,17.6,-9.7,72,19.4,0,0,0
_1901,CELJE,1996/04,9.8,25.5,-2.4,61,90.1,0,1,0
_1901,CELJE,1996/05,16.1,28.2,2.6,59,134.2,0,7,0
_1901,CELJE,1996/06,19.2,32.6,6.2,51,114.1,0,8,0
_1901,CELJE,1996/07,18.4,29.7,5.4,49,159.9,0,10,0
_1901,CELJE,1996/08,18.8,30.2,10.4,61,147.2,0,14,0
_1901,CELJE,1996/09,12.5,23.5,3.3,77,128.9,0,5,0
_1901,CELJE,1996/10,10.6,21.3,-1.9,75,155.5,0,1,0
_1901,CELJE,1996/11,7.2,21.5,-7.5,71,96.8,0,0,0
_1901,CELJE,1996/12,-1.6,11.7,-19,76,36.9,0,0,1
_1901,CELJE,1997/01,-1.3,6.7,-10.4,88,66.6,0,0,2
_1901,CELJE,1997/02,3,18.4,-10.9,47,22.4,1,4,0
_1901,CELJE,1997/03,5.6,21.5,-5.4,57,17.8,2,0,1
_1901,CELJE,1997/04,7.5,20.7,-6.5,63,43.3,1,2,0
_1901,CELJE,1997/05,15.8,29.7,2.5,54,87.2,1,6,1
_1901,CELJE,1997/06,18.9,30.6,5.6,71,143.1,0,13,0
_1901,CELJE,1997/07,19.3,30.4,8.6,64,150.1,0,14,0
_1901,CELJE,1997/08,19.1,30.3,8.4,46,139.7,0,11,0
_1901,CELJE,1997/09,15.2,30.2,2.9,37,88,0,2,0
_1901,CELJE,1997/10,8.5,25.4,-8.5,65,53.6,0,3,0
_1901,CELJE,1997/11,4.8,21.3,-7,76,106.9,0,2,0
_1901,CELJE,1997/12,2.1,10.9,-6.8,78,136.7,0,0,1
_1901,CELJE,1998/01,2.7,12.8,-10.3,55,10.6,2,0,0
_1901,CELJE,1998/02,3.6,20.6,-11.6,41,0.7,0,0,0
_1901,CELJE,1998/03,4.6,19.9,-7.8,61,42.7,0,2,0
_1901,CELJE,1998/04,10.9,24.4,-1,71,56.4,0,3,0
_1901,CELJE,1998/05,14.8,28.5,1.3,56,60.7,0,6,0
_1901,CELJE,1998/06,19.6,32.6,7,60,86.5,2,16,0
_1901,CELJE,1998/07,20.6,32.4,6.2,52,231.1,0,9,0
_1901,CELJE,1998/08,20.2,34.5,5.2,44,103.6,0,12,0
_1901,CELJE,1998/09,15,27.1,4.8,71,166.8,0,6,0
_1901,CELJE,1998/10,10.7,20.4,-0.5,66,230,1,6,0
_1901,CELJE,1998/11,2.6,16.2,-7.6,72,173.3,0,2,1
_1901,CELJE,1998/12,-3.8,7.9,-19.5,72,34.5,0,0,0
_1901,CELJE,1999/01,0.8,12.6,-9.5,73,24.7,0,0,0
_1901,CELJE,1999/02,-0.2,15,-18.5,64,104.6,0,2,0
_1901,CELJE,1999/03,7.4,18.7,-4.8,68,46.9,0,3,0
_1901,CELJE,1999/04,11,22.8,0.4,66,100.4,0,5,0
_1901,CELJE,1999/05,15.9,31.1,5,68,176.2,0,13,2
_1901,CELJE,1999/06,18.8,30.2,5.5,61,132.5,0,11,0
_1901,CELJE,1999/07,20.2,32.5,10.3,52,189,0,12,0
_1901,CELJE,1999/08,19.4,32,9.4,59,142.7,0,6,0
_1901,CELJE,1999/09,16.8,27.2,8.4,56,83.2,0,4,0
_1901,CELJE,1999/10,11.2,23.6,-1.8,68,60,0,0,0
_1901,CELJE,1999/11,2.3,19,-11.2,80,91.5,0,0,0
_1901,CELJE,1999/12,0,11.9,-17,64,133.2,0,0,0
_1901,CELJE,2000/01,-3.3,11.9,-17,56,4,0,0,0
_1901,CELJE,2000/02,3.3,18.6,-8,46,31.9,0,2,0
_1901,CELJE,2000/03,6.9,20.7,-6.5,56,50.1,0,2,1
_1901,CELJE,2000/04,13.1,28.4,-2.2,62,46.6,0,6,0
_1901,CELJE,2000/05,16.5,29.5,3.3,45,75.9,0,6,0
_1901,CELJE,2000/06,20.3,34.2,4.4,41,53.2,0,7,0
_1901,CELJE,2000/07,19.2,33,6.4,54,153,0,7,0
_1901,CELJE,2000/08,21,35.2,7.4,33,36.9,0,4,1
_1901,CELJE,2000/09,15.4,27.7,4.6,63,109.5,0,6,0
_1901,CELJE,2000/10,12.3,26.1,-0.1,66,139.4,0,3,0
_1901,CELJE,2000/11,8.3,21,-3.4,74,173.6,0,3,0
_1901,CELJE,2000/12,4.4,15.5,-9,76,106.7,0,2,0