station id, station name, valid,povp. T [°C],abs. max T [°C],abs. min T [°C],povp. oblačnost [%],količina padavin [mm],št. dni z viharnim vetrom,št. dni z nevihto,št. dni s točo
_1796,LESCE,1991/01,-1.9,9.1,-11.5,53,34,0,0,0
_1796,LESCE,1991/02,-3.3,13,-20.2,49,88.5,0,0,0
_1796,LESCE,1991/03,6.3,18.5,-1.8,71,54.1,0,2,0
_1796,LESCE,1991/04,7.4,19.9,-3.5,67,63,0,4,0
_1796,LESCE,1991/05,10.5,25.5,1.5,67,251.9,0,5,0
_1796,LESCE,1991/06,15.8,29.5,4.9,57,227.4,0,10,0
_1796,LESCE,1991/07,19.6,31.5,8.1,57,178.4,0,10,1
_1796,LESCE,1991/08,18.6,30,8,44,80.7,0,10,1
_1796,LESCE,1991/09,15.3,26,6.1,52,62.6,0,4,1
_1796,LESCE,1991/10,7.4,20.4,-5.8,58,196.6,0,1,0
_1796,LESCE,1991/11,3.3,12.5,-6.5,75,306.1,0,1,0
_1796,LESCE,1991/12,-2.7,7.1,-18.4,40,13.1,0,0,0
_1796,LESCE,1992/01,-1.5,8.5,-9.9,58,38.7,0,0,0
_1796,LESCE,1992/02,1,14,-10,40,12.6,0,1,0
_1796,LESCE,1992/03,4,16.9,-6.5,67,172.7,0,0,0
_1796,LESCE,1992/04,8.2,24.8,-2,64,176.6,0,2,0
_1796,LESCE,1992/05,14.2,25.5,4.8,58,34.5,0,5,0
_1796,LESCE,1992/06,16.8,26.6,5.8,66,89.6,0,8,0
_1796,LESCE,1992/07,19.3,32.1,8.9,47,88,0,10,0
_1796,LESCE,1992/08,21.2,34.6,11.4,31,52.7,0,7,0
_1796,LESCE,1992/09,14.1,26.6,2.5,43,95.7,0,4,0
_1796,LESCE,1992/10,8,20.6,-2.6,75,393.3,0,6,1
_1796,LESCE,1992/11,4.8,15.7,-4.7,65,148.8,0,2,0
_1796,LESCE,1992/12,-1,10.5,-12.5,65,186,0,0,0
_1796,LESCE,1993/01,-0.7,11.6,-13.4,49,2.4,0,0,0
_1796,LESCE,1993/02,-0.8,13.6,-10.1,36,3,0,0,0
_1796,LESCE,1993/03,3.5,21.8,-9.2,48,33.5,0,0,0
_1796,LESCE,1993/04,8.8,22.5,-2.9,59,54.5,0,4,0
_1796,LESCE,1993/05,15.1,29,5.3,52,33.3,0,14,1
_1796,LESCE,1993/06,17.3,27.8,7.8,58,82.1,0,9,1
_1796,LESCE,1993/07,18.2,31.1,7,48,132.2,0,9,1
_1796,LESCE,1993/08,19,32.1,6.8,46,88.7,0,6,0
_1796,LESCE,1993/09,12.8,23,2,73,201.6,0,6,0
_1796,LESCE,1993/10,9.8,20.3,-1.7,79,456.7,0,6,0
_1796,LESCE,1993/11,1.2,15.6,-13,90,102.3,0,0,0
_1796,LESCE,1993/12,1,11,-9.8,67,180.8,0,4,0
_1796,LESCE,1994/01,1.8,12.5,-8.4,60,99.2,0,0,0
_1796,LESCE,1994/02,0.6,14.6,-11.4,63,27.4,0,0,0
_1796,LESCE,1994/03,7.6,21.5,-3.5,55,15.9,0,1,0
_1796,LESCE,1994/04,7.9,22.9,-2.6,71,171.8,0,0,0
_1796,LESCE,1994/05,13.1,24.8,1,62,136.1,0,3,1
_1796,LESCE,1994/06,17.5,30.7,4.2,53,92,0,8,0
_1796,LESCE,1994/07,20.7,31.2,11.4,45,78.8,0,8,1
_1796,LESCE,1994/08,20,32,9.7,41,146.5,0,13,0
_1796,LESCE,1994/09,15,27,3.4,54,192.4,0,6,1
_1796,LESCE,1994/10,7,25.7,-2.2,58,192,0,4,0
_1796,LESCE,1994/11,5.9,16.3,-4,74,77.1,0,0,0
_1796,LESCE,1994/12,0.6,13.8,-10.1,65,83.4,0,0,0
_1796,LESCE,1995/01,-0.8,8.6,-11.2,56,61.6,0,1,0
_1796,LESCE,1995/02,2.2,14.3,-6.6,59,134.8,0,0,0
_1796,LESCE,1995/03,3,15.7,-5.6,68,137.1,0,2,0
_1796,LESCE,1995/04,8.8,23.8,-5.5,57,39.1,0,1,0
_1796,LESCE,1995/05,12.8,26.1,0.5,60,96.4,0,4,0
_1796,LESCE,1995/06,15.1,27.8,8.4,71,171.3,0,2,0
_1796,LESCE,1995/07,20.5,30.2,11.5,49,78.3,0,9,0
_1796,LESCE,1995/08,17.1,28.9,3.5,55,183.6,0,5,0
_1796,LESCE,1995/09,12.1,22.5,-1.2,68,274.4,0,6,1
_1796,LESCE,1995/10,10.4,22.2,-3.5,44,1.8,0,0,0
_1796,LESCE,1995/11,3.5,15,-10.1,66,62.7,0,2,0
_1796,LESCE,1995/12,-0.4,10,-11.7,94,153.6,0,0,0
_1796,LESCE,1996/01,-2.1,4.9,-11,88,73.9,0,0,0
_1796,LESCE,1996/02,-3,8.3,-15.1,63,102.4,0,0,0
_1796,LESCE,1996/03,0.7,14.2,-13.1,65,24.5,0,0,0
_1796,LESCE,1996/04,8.9,22.9,-2,58,150.8,0,1,0
_1796,LESCE,1996/05,13.6,25.5,1.1,61,190,0,2,0
_1796,LESCE,1996/06,17.5,30.5,6.8,51,213,0,5,0
_1796,LESCE,1996/07,16.8,28.3,5.6,55,160,0,4,0
_1796,LESCE,1996/08,17.4,28.3,9.9,56,154.1,0,9,0
_1796,LESCE,1996/09,11.4,21.2,1.9,69,83.7,0,2,0
_1796,LESCE,1996/10,8.7,20,-2,68,286.3,0,2,0
_1796,LESCE,1996/11,5.6,19.1,-6,74,258,0,3,0
_1796,LESCE,1996/12,-2.3,8.9,-18.5,68,44.6,0,0,0
_1796,LESCE,1997/01,-2.3,8.7,-12.5,78,102.3,0,0,0
_1796,LESCE,1997/02,1.3,14,-12,41,13.7,0,1,0
_1796,LESCE,1997/03,5.1,20.5,-4,50,22.1,0,0,0
_1796,LESCE,1997/04,6.9,20,-6,49,38,0,0,0
_1796,LESCE,1997/05,14.1,27,2.2,50,75.5,0,6,0
_1796,LESCE,1997/06,16.7,27.8,5.6,75,202.8,0,8,0
_1796,LESCE,1997/07,17.8,27.5,8.9,54,199,0,9,0
_1796,LESCE,1997/08,17.9,29.5,8.1,48,151.9,0,8,1
_1796,LESCE,1997/09,14.1,27,3.4,36,51.4,0,1,0
_1796,LESCE,1997/10,7.1,24,-9.5,63,17.1,0,1,0
_1796,LESCE,1997/11,3.8,15.1,-8.5,76,217.7,0,1,0
_1796,LESCE,1997/12,0.9,9.5,-7.2,74,204.7,0,0,0
_1796,LESCE,1998/01,0.8,10.6,-11.6,49,28.3,0,0,0
_1796,LESCE,1998/02,3,21.1,-11.9,30,5.7,0,0,0
_1796,LESCE,1998/03,3.3,18.6,-7.6,45,36.1,0,2,0
_1796,LESCE,1998/04,8.6,21,-1.9,75,183.6,0,1,0
_1796,LESCE,1998/05,13.6,26.4,2.9,55,57.4,0,3,0
_1796,LESCE,1998/06,18,31,5.4,61,128.8,0,8,0
_1796,LESCE,1998/07,18.9,30.7,4.5,51,288.5,0,7,0
_1796,LESCE,1998/08,19.1,32,5.1,45,113.8,0,6,0
_1796,LESCE,1998/09,13.6,25,4.5,67,215,0,5,0
_1796,LESCE,1998/10,8.8,20,-0.5,63,334.3,0,7,0
_1796,LESCE,1998/11,1.6,14.1,-8.5,68,128.1,0,2,0
_1796,LESCE,1998/12,-3.3,9.5,-15.2,53,23.6,0,0,0
_1796,LESCE,1999/01,-2,10.2,-13,55,55.5,0,0,0
_1796,LESCE,1999/02,-1.9,13.5,-16.6,54,48.5,0,0,0
_1796,LESCE,1999/03,5.3,17.4,-4.4,63,108.1,0,1,0
_1796,LESCE,1999/04,9.5,21.4,-1.5,64,182.7,0,4,0
_1796,LESCE,1999/05,14.4,29.3,4.7,69,112.4,0,5,0
_1796,LESCE,1999/06,16.9,29,7.3,62,129.5,0,5,0
_1796,LESCE,1999/07,18.8,31,9.8,49,160.4,0,4,0
_1796,LESCE,1999/08,18.3,30.5,10.2,62,162.2,0,5,0
_1796,LESCE,1999/09,15.9,26.5,6.2,54,97.2,0,4,0
_1796,LESCE,1999/10,9.8,20.5,-1.6,66,195.8,0,3,0
_1796,LESCE,1999/11,1.6,16.9,-12.5,66,111.3,0,0,0
_1796,LESCE,1999/12,-0.9,8.2,-12.5,58,104.3,0,0,0
_1796,LESCE,2000/01,-3.6,11.5,-15,42,4.2,0,0,0
_1796,LESCE,2000/02,1.6,15.7,-8.5,37,12.7,0,0,0
_1796,LESCE,2000/03,4.7,18.1,-6,49,179.1,0,1,0
_1796,LESCE,2000/04,11.4,26.2,-0.4,66,77.5,0,2,0
_1796,LESCE,2000/05,14.5,26.7,0.5,51,132.4,0,7,0
_1796,LESCE,2000/06,18.4,30.8,5.1,42,120.8,0,5,1
_1796,LESCE,2000/07,17.1,30.5,6,54,168.3,0,7,2
_1796,LESCE,2000/08,19.2,33,8.9,34,67.8,0,4,0
_1796,LESCE,2000/09,14.2,25.5,5.1,47,118.2,0,4,0
_1796,LESCE,2000/10,10.9,24.5,-1.1,70,255.2,0,0,0
_1796,LESCE,2000/11,6.8,15.5,-4,81,614.4,0,7,0
_1796,LESCE,2000/12,2.5,13.5,-10.5,70,119.6,0,1,0