station id, station name, valid,povp. T [°C],abs. max T [°C],abs. min T [°C],povp. oblačnost [%],količina padavin [mm],št. dni z viharnim vetrom,št. dni z nevihto,št. dni s točo
_1923,BILJE,1991/01,,,,,,,,
_1923,BILJE,1991/02,,,,,,,,
_1923,BILJE,1991/03,,,,,,,,
_1923,BILJE,1991/04,10.5,22,-1.4,56,25.5,2,5,0
_1923,BILJE,1991/05,12.8,26,2.2,67,200.3,1,5,0
_1923,BILJE,1991/06,18.6,32.1,7.1,50,244.3,1,7,0
_1923,BILJE,1991/07,23,34.7,10.7,41,113.7,1,11,0
_1923,BILJE,1991/08,21.9,33.4,9.7,34,85.2,1,8,0
_1923,BILJE,1991/09,19,28.1,9.7,44,188.5,0,6,0
_1923,BILJE,1991/10,11.1,23.6,-0.8,47,246.3,2,2,0
_1923,BILJE,1991/11,7.3,16.4,-4.1,57,265.4,1,3,0
_1923,BILJE,1991/12,0.9,12.2,-8.6,23,22.4,0,1,0
_1923,BILJE,1992/01,3.3,16.6,-5.3,66,37.5,3,0,0
_1923,BILJE,1992/02,3.6,19.7,-6.7,46,37.1,0,0,0
_1923,BILJE,1992/03,7.4,18,-4,58,138.7,0,0,0
_1923,BILJE,1992/04,11.9,24.8,2.4,59,122.4,0,4,0
_1923,BILJE,1992/05,18,28.6,6.1,43,118.7,0,8,0
_1923,BILJE,1992/06,19.3,28.2,10.5,58,135.9,0,9,0
_1923,BILJE,1992/07,22,33.1,12.3,32,196.4,0,0,0
_1923,BILJE,1992/08,23.6,37,14.9,23,70.7,0,0,1
_1923,BILJE,1992/09,16.8,29.5,4.9,39,212.2,1,8,1
_1923,BILJE,1992/10,12,22.2,0.6,71,308.6,1,8,0
_1923,BILJE,1992/11,8.6,18.2,-1.5,63,164.5,1,3,0
_1923,BILJE,1992/12,4.6,15.8,-8,53,203.7,2,1,0
_1923,BILJE,1993/01,2.8,14.6,-8,58,12.4,4,0,0
_1923,BILJE,1993/02,2.8,17.5,-10.3,25,16.1,0,0,0
_1923,BILJE,1993/03,6.2,24.7,-4.8,42,43.5,1,0,0
_1923,BILJE,1993/04,11.6,26,-1.2,55,103.7,0,4,0
_1923,BILJE,1993/05,18.2,29.4,8,44,18.9,0,8,1
_1923,BILJE,1993/06,20.5,31.8,11.1,45,138.1,0,8,0
_1923,BILJE,1993/07,21,32.5,8.5,36,84.1,1,6,1
_1923,BILJE,1993/08,22.7,35.5,7.6,36,107.5,0,11,0
_1923,BILJE,1993/09,16.6,26.5,4.9,55,431.6,0,12,0
_1923,BILJE,1993/10,13.6,23,0.9,62,348.5,0,10,1
_1923,BILJE,1993/11,6.6,18,-4,65,82.3,0,1,0
_1923,BILJE,1993/12,5.1,14.2,-3.4,67,171.2,1,3,1
_1923,BILJE,1994/01,5.3,15.3,-5.4,58,187.2,0,1,0
_1923,BILJE,1994/02,4.3,14.1,-8.4,55,42.8,2,1,0
_1923,BILJE,1994/03,10.3,20.6,-1.7,57,25.6,0,0,0
_1923,BILJE,1994/04,11.6,25.8,0.1,58,150.9,1,2,0
_1923,BILJE,1994/05,16.1,26.1,4.3,56,155.9,0,7,0
_1923,BILJE,1994/06,20.3,33.7,6.8,49,55.2,1,7,0
_1923,BILJE,1994/07,24.7,34.8,13.1,33,47.2,0,10,0
_1923,BILJE,1994/08,23.4,36.2,13.4,29,96.4,1,12,0
_1923,BILJE,1994/09,18.1,29.2,5.6,52,244.6,2,7,0
_1923,BILJE,1994/10,11.7,23.9,-0.7,43,185.7,0,5,1
_1923,BILJE,1994/11,9.8,19.6,0.3,64,77.1,0,0,0
_1923,BILJE,1994/12,4.8,13.9,-5.6,61,58.9,2,0,0
_1923,BILJE,1995/01,3,14.2,-7.3,49,101.6,1,1,0
_1923,BILJE,1995/02,5.6,15,-3.5,62,217.7,0,1,1
_1923,BILJE,1995/03,6.8,15.4,-2.3,56,146.5,2,2,0
_1923,BILJE,1995/04,10.9,25.9,-1.2,53,41.4,0,1,0
_1923,BILJE,1995/05,15.9,30.2,5.6,53,232,0,7,0
_1923,BILJE,1995/06,18.3,30.5,10.3,53,223.3,2,11,0
_1923,BILJE,1995/07,24.1,33.7,14.6,33,47.9,1,5,0
_1923,BILJE,1995/08,20.7,33.1,6.3,45,173.5,0,13,0
_1923,BILJE,1995/09,15.6,24.6,4.7,56,174,0,10,0
_1923,BILJE,1995/10,13,26,-0.6,32,13,0,0,0
_1923,BILJE,1995/11,6.9,17.2,-6.4,60,156.8,1,1,1
_1923,BILJE,1995/12,4.8,14.1,-3.5,73,236.4,5,1,0
_1923,BILJE,1996/01,4,15.7,-6,64,184.4,2,0,0
_1923,BILJE,1996/02,2.5,14.5,-6.8,48,123.5,3,1,0
_1923,BILJE,1996/03,5.9,17.7,-7.1,53,1.2,1,0,0
_1923,BILJE,1996/04,11.9,23.7,0.4,57,123.8,0,1,0
_1923,BILJE,1996/05,16.7,27.3,8.2,57,235.4,2,8,2
_1923,BILJE,1996/06,20.7,34.6,8.8,39,147.4,0,10,1
_1923,BILJE,1996/07,20.6,32.4,9.6,41,116.9,0,7,0
_1923,BILJE,1996/08,20.9,31,12.9,42,82.6,0,10,0
_1923,BILJE,1996/09,14.6,25.4,5.3,58,179.9,0,5,0
_1923,BILJE,1996/10,12.7,21.9,1,60,180.6,0,1,0
_1923,BILJE,1996/11,9.3,20.8,-2.5,73,315.5,1,4,0
_1923,BILJE,1996/12,3.7,13.3,-9.7,63,179.5,3,0,0
_1923,BILJE,1997/01,5,16.1,-4.2,56,169.1,0,1,1
_1923,BILJE,1997/02,4.9,16.6,-5.5,47,13.5,0,1,0
_1923,BILJE,1997/03,9,21.1,-1.9,36,21,0,1,0
_1923,BILJE,1997/04,9.3,22.5,-3.9,47,58.1,0,3,0
_1923,BILJE,1997/05,17.1,32.3,5.1,49,106.7,1,5,0
_1923,BILJE,1997/06,20.2,31.6,10.5,61,133.3,0,8,0
_1923,BILJE,1997/07,20.8,30.4,11.4,46,201.3,0,10,1
_1923,BILJE,1997/08,21.6,31.7,10,43,131.3,0,6,1
_1923,BILJE,1997/09,18.1,30.7,6.1,25,203.7,1,4,0
_1923,BILJE,1997/10,11.9,23.4,-0.8,56,58.7,4,2,0
_1923,BILJE,1997/11,8.4,18.5,-5.4,70,214,2,1,0
_1923,BILJE,1997/12,5.5,13.8,-2.8,72,190,1,1,0
_1923,BILJE,1998/01,4.6,12.5,-7.2,67,35.9,0,0,0
_1923,BILJE,1998/02,6.1,21.3,-6.5,33,0.3,2,0,0
_1923,BILJE,1998/03,6.6,20.6,-5.1,41,16.1,1,2,2
_1923,BILJE,1998/04,11.5,23.7,2.5,69,246.8,0,7,1
_1923,BILJE,1998/05,17.2,30.4,7.5,53,95.1,1,4,0
_1923,BILJE,1998/06,20.8,31.5,10,45,97.4,0,10,1
_1923,BILJE,1998/07,22.7,35,10.7,40,184.2,1,9,0
_1923,BILJE,1998/08,23.4,37.5,9.2,35,122.9,3,9,0
_1923,BILJE,1998/09,16.8,27.5,6.8,59,360.6,0,8,0
_1923,BILJE,1998/10,12.4,22.1,2,53,343.3,1,11,0
_1923,BILJE,1998/11,6.4,18,-4.4,44,61.7,4,2,1
_1923,BILJE,1998/12,1.9,14,-7.6,50,39.6,1,0,0
_1923,BILJE,1999/01,3.3,14.7,-7.2,53,48.1,1,1,0
_1923,BILJE,1999/02,2.5,14.6,-6.5,56,51,0,1,0
_1923,BILJE,1999/03,8.4,21,-1.7,57,82.3,2,2,1
_1923,BILJE,1999/04,12.2,22.3,0.7,63,173.2,0,6,0
_1923,BILJE,1999/05,17.6,28.9,8.8,59,113.1,0,7,0
_1923,BILJE,1999/06,20.3,30.6,7.3,45,85.6,0,11,0
_1923,BILJE,1999/07,22.8,32.6,11.7,40,45,1,5,0
_1923,BILJE,1999/08,22.2,32,12.5,55,90.2,0,3,1
_1923,BILJE,1999/09,19.2,30.5,10.5,46,98.8,0,6,0
_1923,BILJE,1999/10,13.7,24,-0.7,55,114.1,2,2,0
_1923,BILJE,1999/11,6.6,21.8,-4.8,51,51.4,3,1,0
_1923,BILJE,1999/12,3.2,12,-6.6,61,118.8,4,1,0
_1923,BILJE,2000/01,0.6,13.5,-11.7,37,2.4,0,0,0
_1923,BILJE,2000/02,4.3,16.4,-5.7,51,11,0,1,0
_1923,BILJE,2000/03,7.8,20,-2.1,60,137.7,0,1,0
_1923,BILJE,2000/04,13.4,27.5,1.6,61,80.6,0,5,0
_1923,BILJE,2000/05,17.4,27.9,4.6,45,151.2,0,7,0
_1923,BILJE,2000/06,21.8,33.1,10.5,30,78.1,1,6,1
_1923,BILJE,2000/07,20.3,32.3,8.3,45,147.3,1,13,0
_1923,BILJE,2000/08,22.8,34.9,10.9,26,27.5,0,2,0
_1923,BILJE,2000/09,17.6,29.6,7.8,42,150.3,0,7,1
_1923,BILJE,2000/10,14.6,27.9,2,64,161.7,0,3,0
_1923,BILJE,2000/11,10.5,18.7,0,75,559.1,0,8,0
_1923,BILJE,2000/12,6.7,15.5,-7.9,71,140.3,0,2,0