station id, station name, valid,povp. T [°C],abs. max T [°C],abs. min T [°C],povp. oblačnost [%],količina padavin [mm],št. dni z viharnim vetrom,št. dni z nevihto,št. dni s točo
_1796,LESCE,2001/01,1.2,12.1,-10,78,156.9,0,1,0
_1796,LESCE,2001/02,2.3,15,-10.7,51,19.5,0,0,0
_1796,LESCE,2001/03,6.2,19,-11,76,210.7,0,2,0
_1796,LESCE,2001/04,7.8,24,-5.6,51,75.1,0,0,0
_1796,LESCE,2001/05,15.1,29.1,4.5,53,86.5,0,6,1
_1796,LESCE,2001/06,16.1,28.1,1.5,47,165.6,0,4,0
_1796,LESCE,2001/07,19,30.5,9.5,47,193.5,0,8,0
_1796,LESCE,2001/08,19.5,32,7.4,36,50.7,0,8,0
_1796,LESCE,2001/09,11.6,22.5,3.1,70,319,0,4,0
_1796,LESCE,2001/10,11.4,22.7,3.2,47,91.2,0,1,0
_1796,LESCE,2001/11,1.9,15,-7.8,51,59.5,0,1,0
_1796,LESCE,2001/12,-3.7,11,-18.5,53,18.5,0,0,0
_1796,LESCE,2002/01,-2.3,14.1,-14.3,43,8.7,0,0,0
_1796,LESCE,2002/02,2.3,13,-6,57,72.4,0,0,0
_1796,LESCE,2002/03,5.9,18,-6,44,68.4,0,1,0
_1796,LESCE,2002/04,8,20.5,-0.8,70,110.1,0,1,0
_1796,LESCE,2002/05,14.6,26.7,2.5,54,75.3,0,1,0
_1796,LESCE,2002/06,19,32,8.3,48,90.7,0,7,0
_1796,LESCE,2002/07,19,30,9.5,51,148.7,0,8,0
_1796,LESCE,2002/08,18.2,28,10.9,53,193.4,0,9,1
_1796,LESCE,2002/09,12.7,24.3,1.3,50,84.8,0,1,0
_1796,LESCE,2002/10,9.2,18,-0.8,66,136.6,0,4,0
_1796,LESCE,2002/11,7.1,17.5,-5.1,72,176.1,0,2,0
_1796,LESCE,2002/12,0.9,10,-10,90,31.7,0,0,0
_1796,LESCE,2003/01,-2.9,9.9,-20.4,56,66.2,0,0,0
_1796,LESCE,2003/02,-3.2,10.5,-15,42,27.7,0,0,0
_1796,LESCE,2003/03,4.9,19.4,-7.7,42,1.1,0,0,0
_1796,LESCE,2003/04,8,21.2,-4,60,79.7,0,0,0
_1796,LESCE,2003/05,15.5,28.8,1.5,42,59.4,0,5,0
_1796,LESCE,2003/06,21,33,10.6,46,93.4,0,11,0
_1796,LESCE,2003/07,20,33.9,11,44,129.3,0,7,0
_1796,LESCE,2003/08,21.7,36.5,8.1,34,91.7,0,8,0
_1796,LESCE,2003/09,12.9,27,2.5,35,126.6,0,1,0
_1796,LESCE,2003/10,6.5,22,-6.5,59,149,0,3,0
_1796,LESCE,2003/11,6,15.5,-2,71,182,0,0,0
_1796,LESCE,2003/12,0.2,12.5,-14,50,122.9,0,0,0
_1796,LESCE,2004/01,-2.5,11.5,-17.2,64,84.1,0,0,0
_1796,LESCE,2004/02,-0.1,16.1,-8.7,61,118.6,0,0,0
_1796,LESCE,2004/03,2.5,20,-12.5,65,80.1,0,0,0
_1796,LESCE,2004/04,8.6,22.7,-4.6,71,118.9,0,2,0
_1796,LESCE,2004/05,11.9,26.4,1,59,111.9,0,2,0
_1796,LESCE,2004/06,16.4,29.4,7.4,61,152.8,0,9,0
_1796,LESCE,2004/07,18.4,31.9,5.8,45,131.7,0,8,0
_1796,LESCE,2004/08,18.2,29.7,7.2,42,144.8,0,10,0
_1796,LESCE,2004/09,13.4,25.5,3.5,53,152.3,0,1,0
_1796,LESCE,2004/10,10.9,22.5,-0.7,74,185.7,0,4,0
_1796,LESCE,2004/11,3.6,13.5,-7.7,61,117.4,1,0,0
_1796,LESCE,2004/12,-0.1,12,-10,65,134.9,0,0,0
_1796,LESCE,2005/01,-1.6,12.4,-13.1,38,2.2,0,0,0
_1796,LESCE,2005/02,-2.3,9,-15.4,60,35.7,0,0,0
_1796,LESCE,2005/03,2.8,23,-18.9,53,40.5,0,0,0
_1796,LESCE,2005/04,8.4,21.6,-4,57,136.5,0,2,0
_1796,LESCE,2005/05,14.3,30,1.4,50,108.6,0,3,0
_1796,LESCE,2005/06,17.9,31.6,5.5,53,89.5,0,8,1
_1796,LESCE,2005/07,18.7,31.2,6,54,292.9,0,6,1
_1796,LESCE,2005/08,16.6,26.5,4.7,68,205,0,5,0
_1796,LESCE,2005/09,14.5,26.1,6.8,58,162.2,0,4,0
_1796,LESCE,2005/10,9.8,19.6,-1.5,61,152.7,0,0,0
_1796,LESCE,2005/11,3.2,16.3,-6.5,81,171.5,0,0,0
_1796,LESCE,2005/12,-2.6,7.5,-16,59,146.5,1,1,0
_1796,LESCE,2006/01,-4.1,7,-21.3,63,35.5,0,0,0
_1796,LESCE,2006/02,-1.9,9.5,-13.2,63,60.8,0,1,0
_1796,LESCE,2006/03,2,16,-12.5,71,122.3,0,2,0
_1796,LESCE,2006/04,8.9,24.1,-2.2,60,88.9,0,2,0
_1796,LESCE,2006/05,13.2,25.2,1.6,59,122.3,0,3,0
_1796,LESCE,2006/06,18.1,32.6,1,44,56.8,0,2,1
_1796,LESCE,2006/07,21.6,33.5,9,41,17.7,0,13,0
_1796,LESCE,2006/08,15.8,28,5,68,190.6,0,6,0
_1796,LESCE,2006/09,15.4,27.8,6.5,40,83.5,0,1,0
_1796,LESCE,2006/10,11,23.1,-2,45,51,0,2,0
_1796,LESCE,2006/11,5.8,18.2,-6.4,53,35.5,0,0,0
_1796,LESCE,2006/12,2.3,12,-6.6,58,81.7,0,0,0
_1796,LESCE,2007/01,2,15.5,-13,56,109.6,0,0,0
_1796,LESCE,2007/02,3.5,14.5,-6.8,57,68,0,0,0
_1796,LESCE,2007/03,6,19.2,-4.5,60,108.7,0,0,0
_1796,LESCE,2007/04,11.8,25.5,-0.6,33,13.2,0,1,0
_1796,LESCE,2007/05,15,31,3.5,54,83,0,8,0
_1796,LESCE,2007/06,18.5,31,7.2,60,103.5,0,10,0
_1796,LESCE,2007/07,18.8,34.9,5.2,36,135.1,0,8,1
_1796,LESCE,2007/08,18.1,30.1,7.7,56,102.1,0,7,0
_1796,LESCE,2007/09,12.3,24.2,3.5,50,301.8,0,4,0
_1796,LESCE,2007/10,8.5,22.5,-0.5,59,106,0,1,0
_1796,LESCE,2007/11,3.4,13.9,-6.8,56,20.8,0,0,0
_1796,LESCE,2007/12,-1.1,9.8,-11,60,27.5,0,0,0
_1796,LESCE,2008/01,1.6,15.5,-11.1,64,118.3,0,0,0
_1796,LESCE,2008/02,1.8,17,-11.6,36,36.9,0,0,0
_1796,LESCE,2008/03,3.9,21,-7.7,70,123,0,2,0
_1796,LESCE,2008/04,8.5,20.5,-2.5,66,120.6,0,3,0
_1796,LESCE,2008/05,14.7,29.9,3.8,56,99.6,0,2,0
_1796,LESCE,2008/06,18,31.1,8,59,122.5,0,4,0
_1796,LESCE,2008/07,19.3,30.3,9.5,51,187.1,0,11,0
_1796,LESCE,2008/08,18.5,29.4,9.4,44,131,0,5,0
_1796,LESCE,2008/09,13.2,27.5,1.4,66,44.2,0,3,0
_1796,LESCE,2008/10,10,21.4,-0.8,57,107.8,0,2,0
_1796,LESCE,2008/11,4.2,17.5,-12,63,175,0,0,0
_1796,LESCE,2008/12,-0.2,11.6,-12.6,68,355.5,0,1,0
_1796,LESCE,2009/01,-3.3,6.6,-16,72,102.9,0,0,0
_1796,LESCE,2009/02,0.5,13.5,-8.7,62,95.8,0,0,0
_1796,LESCE,2009/03,4.8,15.2,-6.7,59,199.9,0,0,0
_1796,LESCE,2009/04,10.9,21.7,2.4,57,116.1,0,1,0
_1796,LESCE,2009/05,15.7,30.6,6,50,63.5,0,8,0
_1796,LESCE,2009/06,16.6,28.7,6,63,127.3,0,6,0
_1796,LESCE,2009/07,19.3,30.5,8.1,42,125.3,0,8,0
_1796,LESCE,2009/08,20.1,30.6,8,42,76.3,0,5,0
_1796,LESCE,2009/09,15.3,27,5.2,53,212.8,0,3,0
_1796,LESCE,2009/10,9.1,23.6,-3.6,56,58.1,1,1,1
_1796,LESCE,2009/11,5.1,15.5,-3.8,63,101.1,0,0,0
_1796,LESCE,2009/12,0.4,12.3,-18.2,77,229.7,0,1,0
_1796,LESCE,2010/01,-3.3,6,-13.6,83,72,0,0,0
_1796,LESCE,2010/02,-1.1,12,-16.6,75,117,0,0,0
_1796,LESCE,2010/03,3.9,17.5,-10,66,38.2,0,1,0
_1796,LESCE,2010/04,9.3,24,-2.3,54,58.3,0,0,0
_1796,LESCE,2010/05,13.6,26.8,4,69,151,0,2,1
_1796,LESCE,2010/06,18.5,30.7,7.9,52,150,0,3,0
_1796,LESCE,2010/07,21.1,33,8.4,41,75.7,0,9,0
_1796,LESCE,2010/08,17.9,28.5,3,53,232.5,0,9,0
_1796,LESCE,2010/09,13.3,23.1,4.3,68,319.5,0,3,0
_1796,LESCE,2010/10,8.3,20.4,-4.2,69,93.3,0,0,0
_1796,LESCE,2010/11,5.7,16.2,-7,76,328.9,0,1,0
_1796,LESCE,2010/12,-1.7,7.5,-15.5,68,177.8,0,0,1