station id, station name, valid,povp. T [°C],povp. max T [°C],povp. min T [°C],količina padavin [mm],trajanje sonca [h],št. dni z nevihto,št. dni s padavinami >0.1mm,št. dni s snežno odejo
_1899,RATEČE,2000/01,-5.7,1.5,-11,2.6,123.5,0,2,31
_1899,RATEČE,2000/02,-0.7,6.8,-6.3,21.9,172.5,0,1,29
_1899,RATEČE,2000/03,2.7,9.8,-2.7,101.6,176.5,2,10,17
_1899,RATEČE,2000/04,8.4,14.7,3.3,92.2,164.5,2,14,0
_1899,RATEČE,2000/05,12.6,19.4,6.4,136.8,230.6,7,15,0
_1899,RATEČE,2000/06,16.6,23.4,8.9,108.7,268.5,8,13,0
_1899,RATEČE,2000/07,15.4,21.9,9.2,231.8,254.5,11,17,0
_1899,RATEČE,2000/08,17,24.8,10.6,109.9,265.9,5,11,0
_1899,RATEČE,2000/09,12.2,19.6,6.6,98.9,225.9,5,10,0
_1899,RATEČE,2000/10,8.8,13.5,5.6,260.9,87.6,2,19,0
_1899,RATEČE,2000/11,4.1,7.8,1.8,613.6,39.3,9,23,1
_1899,RATEČE,2000/12,-0.3,3.6,-3.4,112.2,59.1,1,10,17
_1899,RATEČE,2001/01,-1.4,2.2,-4.6,163.9,68.3,3,18,30
_1899,RATEČE,2001/02,-0.1,6.6,-4.7,23,136.2,0,5,10
_1899,RATEČE,2001/03,4.2,9.8,0,238.6,138.8,2,19,8
_1899,RATEČE,2001/04,5.1,12,-0.8,144.7,183.1,3,14,2
_1899,RATEČE,2001/05,13.2,20.2,6.2,53.8,213.2,4,11,0
_1899,RATEČE,2001/06,14.5,21.5,6.8,138.3,257.6,2,13,0
_1899,RATEČE,2001/07,17.3,24.1,10.8,216,255.4,11,14,0
_1899,RATEČE,2001/08,17.6,25.2,11.1,50.9,262.7,7,10,0
_1899,RATEČE,2001/09,9.7,16.1,4.9,253.4,133.5,4,16,0
_1899,RATEČE,2001/10,10.2,17.9,5,71.3,200,1,8,0
_1899,RATEČE,2001/11,0,6.4,-4.1,72.3,120.8,1,7,16
_1899,RATEČE,2001/12,-5.8,-0.3,-10.1,13.3,65.1,0,4,21
_1899,RATEČE,2002/01,-4.2,2.5,-8.9,4.1,104.2,0,4,31
_1899,RATEČE,2002/02,1,7.3,-3.3,33.1,112.9,1,10,14
_1899,RATEČE,2002/03,4.1,12.1,-1.9,51.9,214.3,0,8,3
_1899,RATEČE,2002/04,5.2,10.8,0.9,141.4,140.6,1,20,5
_1899,RATEČE,2002/05,12.5,18.5,6.7,105.7,187.7,2,18,0
_1899,RATEČE,2002/06,17.4,23.8,10.5,114.5,257,5,9,0
_1899,RATEČE,2002/07,17.1,23.6,11.1,150.1,243.6,10,16,0
_1899,RATEČE,2002/08,16,22.4,11,175.2,205.4,6,14,0
_1899,RATEČE,2002/09,10.5,17.6,5.8,122.5,192.1,1,14,0
_1899,RATEČE,2002/10,7.8,13.8,3.1,153.8,156.1,6,13,0
_1899,RATEČE,2002/11,5.3,10.2,1.6,327.4,69.2,2,18,0
_1899,RATEČE,2002/12,-1.1,1.6,-3,78.2,28.7,0,13,15
_1899,RATEČE,2003/01,-4.4,0.8,-8.4,62.8,79,0,13,27
_1899,RATEČE,2003/02,-5.1,2.6,-11.3,17.5,137.4,0,6,28
_1899,RATEČE,2003/03,3.3,11.9,-3.4,2,204.3,1,3,12
_1899,RATEČE,2003/04,5.1,11.2,-0.8,125.1,177.8,0,15,13
_1899,RATEČE,2003/05,13.4,21.2,5.2,95.2,241.3,7,12,0
_1899,RATEČE,2003/06,18.8,26.5,11.8,141.9,248,15,19,0
_1899,RATEČE,2003/07,17.7,24.9,10.9,221,269.2,8,13,0
_1899,RATEČE,2003/08,19.1,27.6,12.1,313.4,263,11,16,0
_1899,RATEČE,2003/09,10.5,18.8,4.4,158.1,228.8,2,10,0
_1899,RATEČE,2003/10,4.5,10.3,-0.1,187.8,145.8,2,13,9
_1899,RATEČE,2003/11,3.6,7.8,0.8,223.4,66.5,0,16,2
_1899,RATEČE,2003/12,-2.2,2.7,-5.8,104.3,68.3,0,11,22
_1899,RATEČE,2004/01,-5.4,-0.2,-9.9,47.2,71.2,0,11,31
_1899,RATEČE,2004/02,-1.7,4.4,-6.4,104.8,114.4,0,12,29
_1899,RATEČE,2004/03,0.6,7.4,-4.5,94.6,154.3,0,12,31
_1899,RATEČE,2004/04,6.3,11.9,1.5,80,109.3,1,15,15
_1899,RATEČE,2004/05,9.9,15.9,3.3,169.2,169.9,5,17,0
_1899,RATEČE,2004/06,14.8,20.8,9.1,218.8,181.7,8,18,0
_1899,RATEČE,2004/07,16.5,23.8,9.5,154.6,244,7,13,0
_1899,RATEČE,2004/08,16.2,23.6,10.3,162.4,240.7,10,14,0
_1899,RATEČE,2004/09,11.6,18.6,6.4,189.1,196.2,1,7,0
_1899,RATEČE,2004/10,9.3,14.2,5.5,186.6,117.8,5,15,0
_1899,RATEČE,2004/11,1.1,6.1,-2.2,129.5,73.4,0,11,21
_1899,RATEČE,2004/12,-3,1.6,-6.1,100.7,68.3,0,10,31
_1899,RATEČE,2005/01,-5.6,0.9,-10.4,8.9,87.6,0,4,31
_1899,RATEČE,2005/02,-4.9,1.4,-9.6,28.2,100.4,0,9,28
_1899,RATEČE,2005/03,0.5,8.8,-5.9,35.1,178.5,0,6,25
_1899,RATEČE,2005/04,5.9,12.5,0.7,168.7,159.2,1,14,6
_1899,RATEČE,2005/05,12.5,19.5,5.2,82.9,229.4,2,13,0
_1899,RATEČE,2005/06,16,22.8,8.8,79.9,220.3,7,12,0
_1899,RATEČE,2005/07,16.4,23.2,10.8,219.5,218.8,7,18,0
_1899,RATEČE,2005/08,14.4,20.2,9.6,168.6,158.8,3,17,0
_1899,RATEČE,2005/09,12.1,18.3,7.7,116.8,152.9,3,11,0
_1899,RATEČE,2005/10,7.5,13.7,3.3,108.4,144.5,0,9,0
_1899,RATEČE,2005/11,1,6.1,-2.6,116.8,81.2,1,13,8
_1899,RATEČE,2005/12,-5.7,-1.3,-9.5,102.7,50.7,1,12,31
_1899,RATEČE,2006/01,-6.2,-0.7,-10.3,45.1,98.8,0,13,31
_1899,RATEČE,2006/02,-3.2,2.9,-7.8,59,112.4,0,16,28
_1899,RATEČE,2006/03,-0.2,6.3,-5.5,131.6,152.9,1,14,31
_1899,RATEČE,2006/04,6,12.9,0.5,139.2,144.4,1,17,11
_1899,RATEČE,2006/05,11.2,17.8,4.6,100.9,190,2,15,1
_1899,RATEČE,2006/06,16.1,23.1,8,39.1,235.3,6,14,0
_1899,RATEČE,2006/07,20,27.9,11.6,29.8,252.9,10,12,0
_1899,RATEČE,2006/08,13.7,19.7,9.4,220.6,160,4,22,0
_1899,RATEČE,2006/09,13.7,20.7,7.9,69.1,215.3,0,6,0
_1899,RATEČE,2006/10,9,15.9,3.9,138.2,151.6,3,8,0
_1899,RATEČE,2006/11,2.9,9.4,-1.5,62.5,104.9,0,8,6
_1899,RATEČE,2006/12,-0.7,3.8,-3.9,145.3,56.8,1,8,14
_1899,RATEČE,2007/01,0.1,5.8,-4.1,125.1,90.1,0,8,22
_1899,RATEČE,2007/02,0.7,7.7,-4,66.6,120.6,0,6,28
_1899,RATEČE,2007/03,3.1,10.2,-2.2,142,148.8,1,12,22
_1899,RATEČE,2007/04,9.9,18.2,2.3,29.5,244,1,9,0
_1899,RATEČE,2007/05,13.2,20,6.4,93.5,195.7,5,13,0
_1899,RATEČE,2007/06,16.3,22.6,11.1,112.8,185.1,8,23,0
_1899,RATEČE,2007/07,17,25,9.5,198,274.9,7,13,0
_1899,RATEČE,2007/08,15.6,22.5,10.2,156.9,187.9,10,19,0
_1899,RATEČE,2007/09,10,17.4,4.2,210.7,200.8,1,11,0
_1899,RATEČE,2007/10,6.1,12.7,1.6,111.3,138.9,0,13,5
_1899,RATEČE,2007/11,0.9,7,-2.9,46.7,112.6,0,10,5
_1899,RATEČE,2007/12,-2.6,2.7,-6,17.4,69.3,0,6,24
_1899,RATEČE,2008/01,-0.5,4.2,-3.8,114.6,75.3,0,9,26
_1899,RATEČE,2008/02,-0.3,7.5,-5.7,41.4,165.7,0,4,25
_1899,RATEČE,2008/03,1.2,7.4,-3.3,125.3,118.5,1,19,21
_1899,RATEČE,2008/04,5.7,11.8,0.6,118.2,126.2,6,18,1
_1899,RATEČE,2008/05,12.7,19,6.3,105.4,206.7,0,17,0
_1899,RATEČE,2008/06,15.8,21.9,11,131.7,178.7,3,18,0
_1899,RATEČE,2008/07,16.8,23.6,10.8,196.6,231,10,16,0
_1899,RATEČE,2008/08,16.5,23,11.3,189.4,247,6,11,0
_1899,RATEČE,2008/09,10.8,17.1,6.4,95.9,143.6,5,13,0
_1899,RATEČE,2008/10,8,15.4,3.2,302.5,147.1,3,8,0
_1899,RATEČE,2008/11,2,6.8,-1.2,201.1,77.1,0,12,7
_1899,RATEČE,2008/12,-2.7,0.6,-5.6,288.4,44.9,1,18,31
_1899,RATEČE,2009/01,-5,-0.7,-8.4,115,46.4,0,12,31
_1899,RATEČE,2009/02,-2.4,3.9,-7.3,121.5,109.6,0,8,28
_1899,RATEČE,2009/03,1,7.6,-3.9,177.9,150.7,0,12,31
_1899,RATEČE,2009/04,6.7,13.9,1.8,102.4,161.5,1,16,15
_1899,RATEČE,2009/05,13.8,21,6.7,102.4,232.8,9,11,0
_1899,RATEČE,2009/06,14.9,20.9,8.9,179.3,182.4,5,17,0
_1899,RATEČE,2009/07,17.6,24.2,10.6,139.7,246.8,6,12,0
_1899,RATEČE,2009/08,17.9,25.1,12,102.4,262.6,5,12,0
_1899,RATEČE,2009/09,12.9,20,8.2,276.8,187.6,2,10,0
_1899,RATEČE,2009/10,7,13.8,2.3,94.2,150.9,0,9,0
_1899,RATEČE,2009/11,3.3,8.7,-0.4,86.3,84.4,1,10,6
_1899,RATEČE,2009/12,-2.7,0.8,-6,283.6,25.4,1,16,28
_1899,RATEČE,2010/01,-5,-1.5,-7.6,56.1,35.8,0,12,31