station id, station name, valid,povp. T [°C],povp. max T [°C],povp. min T [°C],količina padavin [mm],trajanje sonca [h],št. dni z nevihto,št. dni s padavinami >0.1mm,št. dni s snežno odejo
_1899,RATEČE,1990/01,-2.6,4.1,-7.2,40.1,118.2,1,7,1
_1899,RATEČE,1990/02,1.9,9.6,-3.3,15.9,167.7,1,6,4
_1899,RATEČE,1990/03,4.1,12.5,-1.7,93.5,187.7,1,5,7
_1899,RATEČE,1990/04,4.8,10,-0.1,106.5,140.9,1,15,4
_1899,RATEČE,1990/05,11.8,18.5,5.2,51.4,215.3,5,11,0
_1899,RATEČE,1990/06,13.6,19.2,8.2,174.5,176.3,6,19,0
_1899,RATEČE,1990/07,15.7,22.5,9.2,170.9,261.7,11,14,0
_1899,RATEČE,1990/08,15.1,22.8,8.7,105.7,259.2,5,8,0
_1899,RATEČE,1990/09,9.7,16.6,5.1,178.3,181,8,16,0
_1899,RATEČE,1990/10,7.8,14,3.3,193.8,151,1,14,0
_1899,RATEČE,1990/11,0.8,5.6,-2.2,336.4,90.7,5,15,18
_1899,RATEČE,1990/12,-4.8,-0.8,-8.9,85.7,53.4,0,14,31
_1899,RATEČE,1991/01,-5.3,0.7,-9.3,33,120.9,0,7,31
_1899,RATEČE,1991/02,-5.2,1.6,-10.6,111.2,146.7,0,8,28
_1899,RATEČE,1991/03,3.4,8.8,-0.1,61.3,113.3,1,14,27
_1899,RATEČE,1991/04,4.6,11,-0.5,81.3,164.9,2,17,8
_1899,RATEČE,1991/05,7.5,13.1,2.1,156.9,146.2,4,17,1
_1899,RATEČE,1991/06,13.9,20,7.5,155.3,193.6,5,13,0
_1899,RATEČE,1991/07,17.2,23.4,11.4,154.9,216.7,9,12,0
_1899,RATEČE,1991/08,16.4,23.4,10.6,64.3,271.8,4,12,0
_1899,RATEČE,1991/09,13.3,20,8.6,143.3,205.1,5,14,0
_1899,RATEČE,1991/10,5.2,11,1.2,191.5,161.7,1,11,2
_1899,RATEČE,1991/11,0.3,4.2,-3,268.7,62.7,2,15,19
_1899,RATEČE,1991/12,-5.3,-0.1,-9.3,18.8,84,0,4,31
_1899,RATEČE,1992/01,-2.6,2.5,-6.6,11,87.9,0,9,31
_1899,RATEČE,1992/02,-0.9,6.6,-6.2,16.5,151.3,0,3,29
_1899,RATEČE,1992/03,2.3,8.4,-2.2,133.9,135.9,0,10,20
_1899,RATEČE,1992/04,5.6,11.9,0.3,184.6,157.4,3,12,7
_1899,RATEČE,1992/05,11.8,18.1,5.3,44.1,205.1,2,12,1
_1899,RATEČE,1992/06,14.2,20.1,8.7,95,162.3,8,17,0
_1899,RATEČE,1992/07,17.3,23.8,11.1,82.5,230.1,6,14,0
_1899,RATEČE,1992/08,19,28,11.4,51.8,285.3,8,10,0
_1899,RATEČE,1992/09,11.7,19.1,6.1,175,223.6,4,9,0
_1899,RATEČE,1992/10,5.5,10,2.4,367.5,91.4,5,23,7
_1899,RATEČE,1992/11,3.1,8.5,-0.6,155.5,100.5,2,11,2
_1899,RATEČE,1992/12,-3.5,0.9,-6.7,165.4,65.3,1,8,27
_1899,RATEČE,1993/01,-2.7,2.9,-6.5,3.2,103.7,0,4,31
_1899,RATEČE,1993/02,-2,4.7,-7,0.2,155.1,0,1,20
_1899,RATEČE,1993/03,1.2,8.6,-4.4,37.5,181.8,0,7,11
_1899,RATEČE,1993/04,6.5,13.5,1,42.7,180,1,12,2
_1899,RATEČE,1993/05,12.4,19,5.8,82.8,193,7,16,0
_1899,RATEČE,1993/06,14.8,20.8,9.1,129.6,216.9,9,19,0
_1899,RATEČE,1993/07,15.6,22.3,9.1,205,242,9,13,0
_1899,RATEČE,1993/08,16.1,23.5,10,117.8,243.1,7,14,0
_1899,RATEČE,1993/09,10.7,15.9,7,192.1,122,6,19,0
_1899,RATEČE,1993/10,7.1,11.3,4.2,459.7,80.4,7,23,5
_1899,RATEČE,1993/11,-0.3,3.1,-2.9,53.3,63.6,0,13,14
_1899,RATEČE,1993/12,-2.2,2.5,-5.9,122.1,65.6,1,10,31
_1899,RATEČE,1994/01,-1.6,3.4,-5.5,144.6,86.6,0,14,31
_1899,RATEČE,1994/02,-1.6,3.8,-5.9,21.8,106.5,0,9,28
_1899,RATEČE,1994/03,5.3,13.3,-0.3,14.8,206.9,0,5,7
_1899,RATEČE,1994/04,4.8,10.7,0,163.4,129,1,17,17
_1899,RATEČE,1994/05,11.4,17.7,5.4,96.2,196.6,1,15,0
_1899,RATEČE,1994/06,15,21.4,8.5,119.2,218.6,5,12,0
_1899,RATEČE,1994/07,18.5,25.5,11.8,78.5,243.3,10,16,0
_1899,RATEČE,1994/08,17.7,25.2,11.7,179.4,256.9,13,16,0
_1899,RATEČE,1994/09,12.7,19.3,8.5,250.1,189.2,7,14,0
_1899,RATEČE,1994/10,5.5,11.7,1.3,150.4,153,2,11,2
_1899,RATEČE,1994/11,4.7,9.4,1.6,49.8,79.9,0,6,0
_1899,RATEČE,1994/12,-0.9,3.8,-4.2,58.4,59.6,0,9,12
_1899,RATEČE,1995/01,-4.2,1,-8.3,42.9,94.7,2,8,31
_1899,RATEČE,1995/02,0.3,5.8,-3.9,100.6,102.6,0,10,28
_1899,RATEČE,1995/03,0.1,6.2,-4.7,104.9,157.4,3,13,31
_1899,RATEČE,1995/04,6.2,13.6,0.4,20.7,196.3,2,9,8
_1899,RATEČE,1995/05,10.9,16.9,4.8,81.8,183,5,14,0
_1899,RATEČE,1995/06,13.2,18.8,8.1,170,138.3,3,20,0
_1899,RATEČE,1995/07,18.4,25,12.3,81.8,257.1,7,12,0
_1899,RATEČE,1995/08,15,21.7,9.5,155.8,194,9,21,0
_1899,RATEČE,1995/09,10,16.7,5.2,228.3,173.6,5,16,0
_1899,RATEČE,1995/10,8.6,17.4,2.7,0,216.5,0,0,0
_1899,RATEČE,1995/11,1.2,7,-2.8,38.1,92.2,1,7,6
_1899,RATEČE,1995/12,-2.4,0.4,-4.9,103.7,22.5,0,20,27
_1899,RATEČE,1996/01,-2.7,0.1,-5,39.4,37.6,0,13,31
_1899,RATEČE,1996/02,-4.3,2.4,-9.9,81.9,138.2,1,7,29
_1899,RATEČE,1996/03,-1,5.2,-5.5,18.5,154.3,0,11,29
_1899,RATEČE,1996/04,6.1,12.4,1.1,66.6,169.5,0,15,9
_1899,RATEČE,1996/05,11.4,17.4,6.1,178.7,198,7,21,0
_1899,RATEČE,1996/06,15.6,22.3,8.6,218.5,259.5,6,13,0
_1899,RATEČE,1996/07,15.5,21.4,9,168.7,249.9,7,16,0
_1899,RATEČE,1996/08,15.4,21.2,10.6,180.9,197.4,10,16,0
_1899,RATEČE,1996/09,9.2,15.1,4.9,87.9,154.2,2,16,0
_1899,RATEČE,1996/10,6.5,12.1,2.6,210.4,103.7,3,13,2
_1899,RATEČE,1996/11,3,7.7,-0.5,326.9,81.5,5,18,11
_1899,RATEČE,1996/12,-4.2,0.1,-7.5,18.2,61.8,0,9,31
_1899,RATEČE,1997/01,-3.1,1.5,-6.4,74.3,89.8,1,11,31
_1899,RATEČE,1997/02,-0.2,7.5,-5.8,12.9,169.9,2,3,28
_1899,RATEČE,1997/03,3.3,11.5,-2.6,23.1,192.4,0,7,12
_1899,RATEČE,1997/04,4.4,11.8,-2.2,39.8,226.1,1,9,3
_1899,RATEČE,1997/05,11.5,18.7,4.6,110.1,236.3,10,14,0
_1899,RATEČE,1997/06,14.7,20.6,9.5,195.3,178.7,10,25,0
_1899,RATEČE,1997/07,15.4,22.6,9.1,133.7,239.2,9,17,0
_1899,RATEČE,1997/08,15.8,23.2,10.3,123.9,223.1,8,16,0
_1899,RATEČE,1997/09,12.6,20,6.9,52.3,240.3,0,5,0
_1899,RATEČE,1997/10,5.6,11.9,0.9,8.1,155.4,0,7,1
_1899,RATEČE,1997/11,2.1,6.8,-1.1,221.6,61.6,0,13,5
_1899,RATEČE,1997/12,-1.9,1.4,-4.6,200.3,45.2,0,16,31
_1899,RATEČE,1998/01,-1.9,3.8,-5.9,15.1,99.6,0,5,31
_1899,RATEČE,1998/02,1.2,10.1,-4.7,4.5,184.8,0,2,21
_1899,RATEČE,1998/03,1.4,8.8,-4.7,25.8,215.1,1,6,8
_1899,RATEČE,1998/04,6,11.4,1.6,185.3,132.8,0,19,5
_1899,RATEČE,1998/05,11.7,18.4,4.6,50,211.5,4,16,0
_1899,RATEČE,1998/06,16,22.7,9.9,130.6,220.2,9,17,0
_1899,RATEČE,1998/07,17.2,24.1,10.7,197.5,254.8,7,14,0
_1899,RATEČE,1998/08,17,24.4,10.9,106,252.3,8,11,0
_1899,RATEČE,1998/09,11.5,17.6,6.7,243.9,161.2,2,16,0
_1899,RATEČE,1998/10,7,13.5,2.9,312.2,134.8,5,16,0
_1899,RATEČE,1998/11,-0.8,3.9,-4.2,109.6,89.6,1,9,22
_1899,RATEČE,1998/12,-5.2,0.5,-9.4,20.2,67.5,0,5,31
_1899,RATEČE,1999/01,-3.2,3.1,-7.7,59.5,101.8,0,7,31
_1899,RATEČE,1999/02,-3.3,4.4,-9.8,57.2,134.4,0,6,28
_1899,RATEČE,1999/03,2.9,9,-1.5,90.9,149.1,0,11,23
_1899,RATEČE,1999/04,7.1,13.8,1.5,149.1,177.6,2,14,4
_1899,RATEČE,1999/05,12.7,18.9,7.1,132.5,176.3,6,18,0
_1899,RATEČE,1999/06,14.7,20.8,8.6,132.4,204.5,6,18,0
_1899,RATEČE,1999/07,16.7,23,10.9,184.8,223.8,4,17,0
_1899,RATEČE,1999/08,16.1,22.1,11.9,200.6,193.7,8,20,0
_1899,RATEČE,1999/09,13.6,20.5,8.5,105.5,188.7,3,12,0
_1899,RATEČE,1999/10,7.6,14,3.4,278.3,143.1,3,10,0
_1899,RATEČE,1999/11,-0.6,4.4,-3.8,99.3,79.8,0,12,16
_1899,RATEČE,1999/12,-4.2,1.2,-8.6,88.8,66.3,0,14,31
_1899,RATEČE,2000/01,-5.7,1.5,-11,2.6,123.5,0,2,31