station id, station name, valid,povp. T [°C],povp. max T [°C],povp. min T [°C],količina padavin [mm],trajanje sonca [h],št. dni z nevihto,št. dni s padavinami >0.1mm,št. dni s snežno odejo
_1890,KREDARICA,2000/01,-8,-5.1,-10.7,6.7,156.7,0,7,31
_1890,KREDARICA,2000/02,-6.7,-3.3,-9.8,21.3,170.2,0,4,29
_1890,KREDARICA,2000/03,-5.7,-2.8,-8.4,183.9,151.7,2,11,31
_1890,KREDARICA,2000/04,-1.6,0.5,-3.7,108.2,128.4,4,15,30
_1890,KREDARICA,2000/05,2.7,5.1,0.4,210.1,203.4,11,17,31
_1890,KREDARICA,2000/06,6.5,9.2,4,145.2,234.1,8,13,7
_1890,KREDARICA,2000/07,4.4,7.1,1.8,285,160.3,11,18,6
_1890,KREDARICA,2000/08,8.5,11.3,6.3,120.9,229.5,4,10,0
_1890,KREDARICA,2000/09,4.4,7.3,1.9,154.1,183.2,6,11,4
_1890,KREDARICA,2000/10,1.8,3.8,0,435.4,95.7,1,17,21
_1890,KREDARICA,2000/11,-2.6,-0.5,-4.7,682.1,49.9,9,23,30
_1890,KREDARICA,2000/12,-4.2,-1.8,-6.6,219.8,119.2,2,14,31
_1890,KREDARICA,2001/01,-7.2,-4.4,-9.8,335,69.3,4,20,31
_1890,KREDARICA,2001/02,-7.8,-5,-10.6,82.5,125,1,11,28
_1890,KREDARICA,2001/03,-3.6,-1.2,-5.9,383.5,121.6,6,21,31
_1890,KREDARICA,2001/04,-4.8,-2.1,-7.3,216.5,146,1,16,30
_1890,KREDARICA,2001/05,2.6,4.9,0.6,68.5,190.6,6,17,31
_1890,KREDARICA,2001/06,3.3,6.3,0.4,198.9,231.2,8,12,30
_1890,KREDARICA,2001/07,6.9,10,4.4,197.1,216.1,9,15,15
_1890,KREDARICA,2001/08,8.6,11.6,6.3,99.5,202.6,8,11,0
_1890,KREDARICA,2001/09,0.4,2.7,-1.7,342.5,91,7,20,20
_1890,KREDARICA,2001/10,4.7,7.3,2.3,133.7,181.5,2,10,8
_1890,KREDARICA,2001/11,-4.7,-1.3,-7.7,127.8,126.9,1,9,23
_1890,KREDARICA,2001/12,-10.8,-7.8,-13.6,44.1,133.3,0,10,31
_1890,KREDARICA,2002/01,-5.4,-2.8,-8.4,20.2,153.9,0,8,31
_1890,KREDARICA,2002/02,-4.6,-1.2,-7.4,72.3,108.7,0,12,28
_1890,KREDARICA,2002/03,-3.6,-0.9,-6.2,70.5,194.4,2,10,31
_1890,KREDARICA,2002/04,-4.1,-1.8,-6.2,168.7,76.7,4,22,30
_1890,KREDARICA,2002/05,1.9,4,0,165.2,150.9,3,18,31
_1890,KREDARICA,2002/06,6.8,9.7,4.3,141.7,209,7,13,11
_1890,KREDARICA,2002/07,7,9.3,4.4,319.4,161.9,12,17,0
_1890,KREDARICA,2002/08,6.1,8.5,4.2,279.8,129,9,22,0
_1890,KREDARICA,2002/09,1.5,4.1,-0.7,183.7,127.5,2,18,9
_1890,KREDARICA,2002/10,0.4,3,-1.9,263.9,126.1,5,15,31
_1890,KREDARICA,2002/11,-2.8,-0.6,-4.8,296.8,73.9,2,18,30
_1890,KREDARICA,2002/12,-5.5,-2.9,-7.6,110.9,74,0,16,31
_1890,KREDARICA,2003/01,-8.6,-5.4,-11.4,87.7,106.1,0,14,31
_1890,KREDARICA,2003/02,-11.2,-8.4,-14,45,172.5,0,6,28
_1890,KREDARICA,2003/03,-5,-2.3,-7.5,14.8,191.9,1,5,31
_1890,KREDARICA,2003/04,-4.9,-2.4,-7.5,117.2,121.2,0,17,30
_1890,KREDARICA,2003/05,3.4,6.1,1.2,102.4,194.7,9,13,31
_1890,KREDARICA,2003/06,8.9,11.9,6.3,187,228.9,17,20,4
_1890,KREDARICA,2003/07,8,11,5.1,220,238.5,11,15,0
_1890,KREDARICA,2003/08,10.2,13.3,7.8,228.5,207.8,13,15,1
_1890,KREDARICA,2003/09,3.3,6.1,0.6,143.8,182.9,2,11,8
_1890,KREDARICA,2003/10,-2.6,0.3,-5.6,261.2,156.4,3,13,25
_1890,KREDARICA,2003/11,-1.6,1.2,-4.1,89.6,116.8,1,14,30
_1890,KREDARICA,2003/12,-5.8,-2.7,-8.9,126,119.6,0,12,31
_1890,KREDARICA,2004/01,-10.3,-7.3,-12.8,93.9,110.7,1,16,31
_1890,KREDARICA,2004/02,-7,-3.9,-9.6,139,124.1,0,14,29
_1890,KREDARICA,2004/03,-6.3,-3.8,-8.7,116.9,163.6,0,13,31
_1890,KREDARICA,2004/04,-3.7,-1.1,-5.6,166.2,89.6,4,18,30
_1890,KREDARICA,2004/05,-1.3,1.1,-3.6,186.8,165.5,3,18,31
_1890,KREDARICA,2004/06,4.1,6.3,1.8,216.8,160.6,11,18,30
_1890,KREDARICA,2004/07,6.3,9,4,197.1,210.9,7,16,10
_1890,KREDARICA,2004/08,7,9.9,4.7,210.4,175,12,15,3
_1890,KREDARICA,2004/09,4,6.9,1.5,243.6,178.8,2,8,8
_1890,KREDARICA,2004/10,2.3,4.6,0.1,391.7,106.8,6,16,14
_1890,KREDARICA,2004/11,-4.1,-1.2,-6.7,147.1,100.5,0,11,26
_1890,KREDARICA,2004/12,-4.6,-1.6,-7.1,131.3,159.3,0,9,31
_1890,KREDARICA,2005/01,-8.5,-5.5,-11.3,30.2,132.8,0,9,31
_1890,KREDARICA,2005/02,-13.1,-10.1,-15,62.4,101.9,0,13,28
_1890,KREDARICA,2005/03,-6.3,-3.3,-8.8,53.5,165.4,0,10,31
_1890,KREDARICA,2005/04,-3.3,-0.9,-5.5,151.5,144.4,1,14,30
_1890,KREDARICA,2005/05,1.8,4.2,-0.6,79.5,220.4,3,13,31
_1890,KREDARICA,2005/06,4.9,7.8,2.5,174.4,180.8,8,17,16
_1890,KREDARICA,2005/07,7,9.6,4.4,241,174.3,9,18,0
_1890,KREDARICA,2005/08,4.7,7.2,2.7,260.9,114.4,5,19,3
_1890,KREDARICA,2005/09,3.6,6.1,1.5,236.4,126.7,4,16,13
_1890,KREDARICA,2005/10,2.7,5.3,0.2,196.9,161,0,11,6
_1890,KREDARICA,2005/11,-4.4,-1.4,-6.5,148.2,106.8,0,15,25
_1890,KREDARICA,2005/12,-9.9,-7.2,-12.3,116.9,102.8,1,15,31
_1890,KREDARICA,2006/01,-8.8,-5.5,-11.3,69.3,145.8,1,12,31
_1890,KREDARICA,2006/02,-9.6,-6.5,-11.8,74.6,110.7,0,16,28
_1890,KREDARICA,2006/03,-7.6,-4.4,-10.5,224.8,152.6,1,18,31
_1890,KREDARICA,2006/04,-2.7,0,-5,190.4,155.7,2,18,30
_1890,KREDARICA,2006/05,0.7,3.3,-1.5,158.7,172.5,2,17,31
_1890,KREDARICA,2006/06,5.1,7.6,2.6,53.2,218,5,12,27
_1890,KREDARICA,2006/07,9.1,12.3,6.8,173.9,223,14,16,0
_1890,KREDARICA,2006/08,3.5,5.9,1.7,296.1,96.6,9,24,10
_1890,KREDARICA,2006/09,6.6,9.4,4.5,123.1,198.2,0,8,0
_1890,KREDARICA,2006/10,3.8,6.7,1.2,322.6,154.2,1,12,7
_1890,KREDARICA,2006/11,-1.1,2.3,-4,66.9,114,0,12,19
_1890,KREDARICA,2006/12,-3.1,-0.6,-5.3,131.6,129.1,0,9,27
_1890,KREDARICA,2007/01,-3.6,-0.8,-6.3,80.7,112.6,1,10,31
_1890,KREDARICA,2007/02,-5.5,-2.6,-8,74.7,138.1,0,11,28
_1890,KREDARICA,2007/03,-5.7,-2.9,-7.9,157.7,129.8,1,16,31
_1890,KREDARICA,2007/04,0.4,3,-1.6,30.4,235.9,2,10,30
_1890,KREDARICA,2007/05,2.3,4.6,0.3,115.4,163.9,9,18,31
_1890,KREDARICA,2007/06,5.6,7.7,3.7,220.7,122.3,11,24,5
_1890,KREDARICA,2007/07,7.5,10.4,4.7,285.4,278.7,7,12,5
_1890,KREDARICA,2007/08,6.8,9.3,4.6,230.3,154.7,9,21,0
_1890,KREDARICA,2007/09,1.6,4.5,-0.6,313.1,162.9,4,13,14
_1890,KREDARICA,2007/10,-0.1,2.8,-2.5,128.9,127.4,1,13,31
_1890,KREDARICA,2007/11,-5.7,-2.8,-8.4,88.1,123.5,0,12,30
_1890,KREDARICA,2007/12,-7.2,-4.1,-9.7,36,132.7,0,11,31
_1890,KREDARICA,2008/01,-4.9,-2.3,-7.5,88.3,106.9,0,12,31
_1890,KREDARICA,2008/02,-5.1,-2.3,-7.8,57.4,175.7,0,7,29
_1890,KREDARICA,2008/03,-7.2,-4.1,-10.1,180.8,108.8,1,23,31
_1890,KREDARICA,2008/04,-4.4,-2,-6.3,242.7,92.6,5,23,30
_1890,KREDARICA,2008/05,1.7,4,-0.3,196.5,177.5,2,16,31
_1890,KREDARICA,2008/06,5.7,7.8,3.7,198.2,134.3,10,18,28
_1890,KREDARICA,2008/07,6.5,9,4.4,255.8,167.4,15,20,1
_1890,KREDARICA,2008/08,7.5,10.2,5.1,263.9,181.7,7,13,3
_1890,KREDARICA,2008/09,1.6,3.9,-0.4,106.1,111.8,3,16,11
_1890,KREDARICA,2008/10,1.9,4.7,-0.4,240.8,147.3,3,11,22
_1890,KREDARICA,2008/11,-4,-1.3,-6.2,144.4,103.8,1,15,30
_1890,KREDARICA,2008/12,-7.2,-4.9,-9.6,204.8,91.7,1,19,31
_1890,KREDARICA,2009/01,-7.7,-5.1,-9.9,129,106,0,16,31
_1890,KREDARICA,2009/02,-10.5,-8.2,-13,122.6,106.7,0,16,28
_1890,KREDARICA,2009/03,-7.3,-4.7,-9.6,188.6,128.7,0,17,31
_1890,KREDARICA,2009/04,-1.5,0.5,-3.2,185.3,141.7,1,17,30
_1890,KREDARICA,2009/05,3.2,5.6,0.9,129.7,227.6,7,15,31
_1890,KREDARICA,2009/06,3.7,5.8,1.7,307.1,117.3,7,18,30
_1890,KREDARICA,2009/07,7.7,10.5,5.3,219.3,224.6,8,16,8
_1890,KREDARICA,2009/08,8.8,11.7,6.5,114.7,215.3,6,13,0
_1890,KREDARICA,2009/09,4.3,6.8,2.6,337.4,112.3,3,12,4
_1890,KREDARICA,2009/10,-0.4,2.4,-2.8,154.1,151.8,1,13,21
_1890,KREDARICA,2009/11,-1.3,1.1,-3.6,97.6,98.5,1,14,30
_1890,KREDARICA,2009/12,-8.5,-5.9,-11.5,273.7,69.3,1,20,31
_1890,KREDARICA,2010/01,-10.1,-7.5,-12.5,85.4,103.6,0,16,31