station id, station name, valid,povp. T [°C],povp. max T [°C],povp. min T [°C],količina padavin [mm],trajanje sonca [h],št. dni z nevihto,št. dni s padavinami >0.1mm,št. dni s snežno odejo
_1922,POSTOJNA,2010/01,-2.3,0.6,-5,113.3,58.7,0,15,29
_1922,POSTOJNA,2010/02,0.7,4.5,-3,148.6,73.3,0,17,23
_1922,POSTOJNA,2010/03,3.9,8.6,-0.1,41.3,128.9,1,10,7
_1922,POSTOJNA,2010/04,9.4,15.3,3.4,80.6,203.4,0,14,0
_1922,POSTOJNA,2010/05,12.8,17.7,8.2,193.5,140,4,21,0
_1922,POSTOJNA,2010/06,17.7,23.7,10.6,159.3,246.2,4,12,0
_1922,POSTOJNA,2010/07,20.4,27,13.4,138.1,279.3,9,12,0
_1922,POSTOJNA,2010/08,18,24.4,12.5,81.8,250.2,8,12,0
_1922,POSTOJNA,2010/09,13.3,18.8,9.8,370.9,167.8,4,16,0
_1922,POSTOJNA,2010/10,8.6,13,5.2,136.6,125.1,0,12,0
_1922,POSTOJNA,2010/11,6.9,9.8,4.1,228.2,34.5,2,19,4
_1922,POSTOJNA,2010/12,0,3.8,-4.2,247.6,53.7,1,19,13
_1922,POSTOJNA,2011/01,0.8,4.4,-2.4,60.6,78.5,0,10,8
_1922,POSTOJNA,2011/02,0.3,5.5,-3.7,29,152.7,0,7,3
_1922,POSTOJNA,2011/03,4.9,10.3,0.6,118.7,187.2,0,9,2
_1922,POSTOJNA,2011/04,10.5,18.3,2.9,37.2,239.3,2,7,0
_1922,POSTOJNA,2011/05,14.5,22.1,6.4,110.7,295.4,5,10,0
_1922,POSTOJNA,2011/06,17.9,23.8,11.8,146.2,214.9,11,12,0
_1922,POSTOJNA,2011/07,18.7,24.9,12.6,114.9,230,10,17,0
_1922,POSTOJNA,2011/08,20.2,28.2,13.2,16,312.8,1,5,0
_1922,POSTOJNA,2011/09,17.5,25,11.9,92.1,253.5,4,6,0
_1922,POSTOJNA,2011/10,8.9,15.5,4,209.7,163.9,3,7,0
_1922,POSTOJNA,2011/11,3.9,9.7,-0.6,3.1,155.9,0,4,0
_1922,POSTOJNA,2011/12,3.1,7.1,-1.2,139.9,75.7,1,13,8
_1922,POSTOJNA,2012/01,0.3,5.7,-5,38.6,134.5,1,5,0
_1922,POSTOJNA,2012/02,-2.8,2,-7.5,19.7,142.3,0,10,22
_1922,POSTOJNA,2012/03,7.8,15.6,0.5,18.7,268.2,3,3,0
_1922,POSTOJNA,2012/04,9.1,14.3,4.9,89.9,149.5,4,20,0
_1922,POSTOJNA,2012/05,13.5,20.5,6.6,125.1,248.7,4,13,0
_1922,POSTOJNA,2012/06,19,25,12.4,71.6,235,4,10,0
_1922,POSTOJNA,2012/07,20.9,27.7,13.7,34.6,270.6,8,9,0
_1922,POSTOJNA,2012/08,21.4,29.8,13.2,25.2,318.2,3,5,0
_1922,POSTOJNA,2012/09,15.5,21.2,11.4,214.3,158.6,5,14,0
_1922,POSTOJNA,2012/10,11,16.1,7.6,162.2,133.8,4,15,0
_1922,POSTOJNA,2012/11,7.9,11.5,5.1,203.3,67.7,3,15,0
_1922,POSTOJNA,2012/12,0.7,4.3,-3.1,120.4,84.7,0,12,13
_1922,POSTOJNA,2013/01,1.1,4.2,-2.1,109.8,61.1,0,19,19
_1922,POSTOJNA,2013/02,0,2.9,-2.8,137.2,73.9,3,16,25
_1922,POSTOJNA,2013/03,3.1,7.1,-0.5,264.3,103.2,2,20,13
_1922,POSTOJNA,2013/04,9.9,15.1,4.8,90.1,151.1,2,16,2
_1922,POSTOJNA,2013/05,12.6,17.7,8.5,272.5,154.3,6,19,0
_1922,POSTOJNA,2013/06,17.2,24,10.6,69.3,241.7,11,12,0
_1922,POSTOJNA,2013/07,21.2,28.5,13.9,33.3,301.6,7,9,0
_1922,POSTOJNA,2013/08,20.1,28.2,12.7,82.7,292,8,11,0
_1922,POSTOJNA,2013/09,14.5,20.6,9.9,157.5,160.8,3,14,0
_1922,POSTOJNA,2013/10,11.5,15.5,8.3,63.2,99.9,2,16,0
_1922,POSTOJNA,2013/11,6.5,9.5,3.8,274.8,76.3,3,17,1
_1922,POSTOJNA,2013/12,3.2,8,-0.9,67.6,108.6,0,9,0
_1922,POSTOJNA,2014/01,4.7,6.9,2.3,283.6,31.2,2,20,8
_1922,POSTOJNA,2014/02,3.9,7,0.8,330,55,1,20,9
_1922,POSTOJNA,2014/03,7.6,13.2,2.3,84.6,185.9,2,8,0
_1922,POSTOJNA,2014/04,10.9,16,5.8,117.3,156.5,3,15,0
_1922,POSTOJNA,2014/05,13,18.9,6.8,97,198.8,6,16,0
_1922,POSTOJNA,2014/06,17.8,24.2,10.9,117.4,226.3,9,13,0
_1922,POSTOJNA,2014/07,18.5,24.2,12.7,179.5,190.2,14,19,0
_1922,POSTOJNA,2014/08,17.8,23.5,12.9,137.1,216.4,9,15,0
_1922,POSTOJNA,2014/09,14.6,19.8,10.4,195.9,153.5,3,17,0
_1922,POSTOJNA,2014/10,12.2,16.7,8.9,122.8,144.9,3,14,0
_1922,POSTOJNA,2014/11,8.4,11.6,5.5,267.6,86,3,18,0
_1922,POSTOJNA,2014/12,3.3,6.1,0.6,136.6,78,1,14,4
_1922,POSTOJNA,2015/01,2.6,6,-1,74.4,84.3,1,10,4
_1922,POSTOJNA,2015/02,1.2,5.1,-2.5,61.4,118,0,11,16
_1922,POSTOJNA,2015/03,5.7,11,0.7,139.1,185.2,1,9,0
_1922,POSTOJNA,2015/04,9.1,15.1,2.3,36.2,227.2,0,10,0
_1922,POSTOJNA,2015/05,14.7,20,9.5,83.7,213.8,5,14,0
_1922,POSTOJNA,2015/06,18.5,24.9,11.3,92.4,280.9,7,9,0
_1922,POSTOJNA,2015/07,22,28.6,15,107.2,299.8,8,11,0
_1922,POSTOJNA,2015/08,20,27,14.3,105.5,270.1,6,11,0
_1922,POSTOJNA,2015/09,14.9,20.3,10.3,113.2,183.8,2,9,0
_1922,POSTOJNA,2015/10,10.1,14.3,7.2,150.2,120.9,2,19,0
_1922,POSTOJNA,2015/11,6.2,12.6,1.2,45.9,148.9,1,5,2
_1922,POSTOJNA,2015/12,3.5,9.3,-1,0.7,118.8,0,4,0
_1922,POSTOJNA,2016/01,1.3,5.6,-3,152,101.4,1,13,7
_1922,POSTOJNA,2016/02,4.3,7.5,1.7,312.1,64.1,0,20,4
_1922,POSTOJNA,2016/03,5.3,9.8,1.8,73.2,116.7,0,15,1
_1922,POSTOJNA,2016/04,10,15.8,4.3,55.6,193.3,2,10,1
_1922,POSTOJNA,2016/05,12.7,18.9,7.1,137.3,187.5,7,20,0
_1922,POSTOJNA,2016/06,17.7,23.3,12.7,215,215.2,12,20,0
_1922,POSTOJNA,2016/07,20.9,27.5,14.4,35.8,296.3,7,8,0
_1922,POSTOJNA,2016/08,18.9,26.2,12.8,69.2,295.2,9,9,0
_1922,POSTOJNA,2016/09,16.3,23.5,11,81.7,215.2,2,8,0
_1922,POSTOJNA,2016/10,9.2,13.9,5.7,200.8,142.9,2,15,0
_1922,POSTOJNA,2016/11,6.6,10,3.6,215.7,87,1,19,0
_1922,POSTOJNA,2016/12,0.5,6.4,-4.5,0,,0,0,0
_1922,POSTOJNA,2017/01,-3.2,0.9,-7.6,70,156.8,1,5,18
_1922,POSTOJNA,2017/02,3.7,7.4,0.5,206.4,102.5,2,10,0
_1922,POSTOJNA,2017/03,8,14.4,1.8,52.3,208.2,0,5,0
_1922,POSTOJNA,2017/04,9.4,15.7,3.5,153.4,220.7,2,11,0
_1922,POSTOJNA,2017/05,14.2,20.5,7.6,81.2,238,4,12,0
_1922,POSTOJNA,2017/06,19.3,26.1,12.2,104.2,286.9,9,10,0
_1922,POSTOJNA,2017/07,20.5,27.3,12.4,80.4,301.2,5,8,0
_1922,POSTOJNA,2017/08,20.5,28.8,12.8,104.2,315.3,5,8,0
_1922,POSTOJNA,2017/09,12.7,17.6,9.2,364,111.4,7,19,0
_1922,POSTOJNA,2017/10,10.3,17.5,4.3,63.4,183,2,8,0
_1922,POSTOJNA,2017/11,5.5,9.2,2.4,242.4,79.7,2,12,4
_1922,POSTOJNA,2017/12,1.6,5.9,-2.4,314.5,94.4,2,14,13
_1922,POSTOJNA,2018/01,4.2,7.7,0.6,119.9,68.1,1,16,0
_1922,POSTOJNA,2018/02,-1.8,0.9,-4.3,112.4,68.4,0,16,26
_1922,POSTOJNA,2018/03,3.1,6.5,0,151.2,98.4,4,21,14
_1922,POSTOJNA,2018/04,12.3,18.9,6.3,93.7,227.9,1,12,0
_1922,POSTOJNA,2018/05,15.9,21.8,11.1,123.2,178.5,13,24,0
_1922,POSTOJNA,2018/06,18.3,24.8,12.1,114.9,240.2,8,13,0
_1922,POSTOJNA,2018/07,20,26.9,13.9,117.7,,11,14,0
_1922,POSTOJNA,2018/08,20.7,28.1,14.5,115.2,,10,9,0
_1922,POSTOJNA,2018/09,15.6,23.4,10,75.2,218.9,5,10,0
_1922,POSTOJNA,2018/10,12.6,17.7,8.5,213.1,164.5,3,11,0
_1922,POSTOJNA,2018/11,7.2,9.8,4.9,127.7,70.6,0,15,2
_1922,POSTOJNA,2018/12,1.8,6.4,-2.2,62.5,77.1,0,17,7
_1922,POSTOJNA,2019/01,-0.2,3.7,-3.9,65.7,110.4,1,9,9
_1922,POSTOJNA,2019/02,4.2,11.2,-1.9,162.8,185.9,1,6,1
_1922,POSTOJNA,2019/03,7,13.2,1.4,32.4,197.1,0,7,0
_1922,POSTOJNA,2019/04,9.6,14.8,4.5,103.5,152.4,1,17,0
_1922,POSTOJNA,2019/05,10.4,15.1,6.1,284.4,113.3,4,21,0
_1922,POSTOJNA,2019/06,21,27.8,13.8,39.9,290.5,8,7,0
_1922,POSTOJNA,2019/07,20.4,27.4,13.9,137.6,280.1,10,14,0
_1922,POSTOJNA,2019/08,20.4,27.2,14.9,84.8,271.5,10,14,0
_1922,POSTOJNA,2019/09,15.1,21.5,10.5,123.9,197.6,7,11,0
_1922,POSTOJNA,2019/10,11.4,17.3,7.3,95.4,144.1,1,11,0
_1922,POSTOJNA,2019/11,7.9,10.4,5.6,343.6,50.2,4,25,0
_1922,POSTOJNA,2019/12,4,7.6,1,195.3,90.5,1,14,3
_1922,POSTOJNA,2020/01,2.7,7.8,-1.9,26.8,148.5,1,6,0