station id, station name, valid,povp. T [°C],povp. max T [°C],povp. min T [°C],količina padavin [mm],trajanje sonca [h],št. dni z nevihto,št. dni s padavinami >0.1mm,št. dni s snežno odejo
_1923,BILJE,2010/01,2,6.1,-1.2,78.3,93.1,0,14,5
_1923,BILJE,2010/02,4.5,9,0.9,162.5,89,0,12,1
_1923,BILJE,2010/03,7.1,12.5,2.7,47.7,151.4,2,7,0
_1923,BILJE,2010/04,12.4,19,6.1,47,228.2,2,11,0
_1923,BILJE,2010/05,16,21,11.4,258.2,165.5,9,16,0
_1923,BILJE,2010/06,20.7,26.8,14.7,107.6,271.7,7,9,0
_1923,BILJE,2010/07,23.5,30.1,17.2,200.3,319.1,9,15,0
_1923,BILJE,2010/08,21.1,27.6,15.6,74.6,282.5,6,11,0
_1923,BILJE,2010/09,16.7,22.9,11.8,367.1,190.3,8,13,0
_1923,BILJE,2010/10,11.9,17.8,6.9,62.6,168.3,1,10,0
_1923,BILJE,2010/11,9.5,13.5,6.7,341.8,40.3,1,18,0
_1923,BILJE,2010/12,2.5,6.9,-0.8,260.2,68.2,1,17,5
_1923,BILJE,2011/01,3.1,6.3,0.2,55.7,68.5,0,13,0
_1923,BILJE,2011/02,4.7,11.1,0,27.8,160.2,0,4,0
_1923,BILJE,2011/03,8.2,14.1,3.1,138.9,199.5,0,9,0
_1923,BILJE,2011/04,13.6,21.5,6.6,29.4,249.8,2,5,0
_1923,BILJE,2011/05,18.3,25.6,10.1,61.1,340.3,7,9,0
_1923,BILJE,2011/06,21.3,27,15.2,81.8,240.6,10,13,0
_1923,BILJE,2011/07,21.9,27.9,15.7,195.8,275.9,9,14,0
_1923,BILJE,2011/08,23.4,31.1,16,2,339.9,5,5,0
_1923,BILJE,2011/09,20.7,28.6,14,68,263.8,3,4,0
_1923,BILJE,2011/10,11.9,19.1,6.2,210.5,209.3,4,9,0
_1923,BILJE,2011/11,7.6,14.7,1.8,18.2,185.8,0,6,0
_1923,BILJE,2011/12,5.1,10.4,0.4,100.4,76.2,0,14,0
_1923,BILJE,2012/01,2,8.7,-3.4,43.1,149.1,1,3,0
_1923,BILJE,2012/02,1.4,7,-3.7,15.7,162.6,0,1,0
_1923,BILJE,2012/03,10.5,18.8,3.3,4.2,279.8,0,2,0
_1923,BILJE,2012/04,12.1,17,6.8,214.5,164.1,5,16,0
_1923,BILJE,2012/05,16.9,23.2,10.5,76.7,279.7,6,12,0
_1923,BILJE,2012/06,22.1,27.8,16.2,106.5,277,4,11,0
_1923,BILJE,2012/07,24.6,30.7,18.2,54.4,331.6,3,7,0
_1923,BILJE,2012/08,24.5,32.1,17.4,19.6,336.1,4,4,0
_1923,BILJE,2012/09,19.3,25.3,14.5,141.6,158.3,4,12,0
_1923,BILJE,2012/10,13.5,19.4,9.3,360.4,132.4,4,15,0
_1923,BILJE,2012/11,10.3,14.7,6.7,238.7,86,3,18,0
_1923,BILJE,2012/12,2.8,8.1,-1.2,101.3,112.5,0,12,8
_1923,BILJE,2013/01,4.1,8.3,0.5,113.6,74.9,1,16,1
_1923,BILJE,2013/02,3.8,8.4,-0.4,127.8,112.8,2,9,7
_1923,BILJE,2013/03,6.7,11,3,305.6,112.7,2,18,0
_1923,BILJE,2013/04,13.2,18.7,8.4,50.4,175.9,2,15,0
_1923,BILJE,2013/05,15.6,20.7,11.7,265.9,190.1,8,21,0
_1923,BILJE,2013/06,20.4,26.9,14.2,103.8,293.5,10,15,0
_1923,BILJE,2013/07,24.8,32.1,18,24.1,343.8,6,6,0
_1923,BILJE,2013/08,23.2,31.1,16.1,64.3,315.8,5,11,0
_1923,BILJE,2013/09,18,24.3,13.3,126.1,177.9,5,11,0
_1923,BILJE,2013/10,14.4,18.8,10.9,113.3,112.5,2,21,0
_1923,BILJE,2013/11,9.8,13.9,6.3,165.4,98.2,2,16,0
_1923,BILJE,2013/12,5.4,11.3,1.4,73.8,124.8,0,10,0
_1923,BILJE,2014/01,7.8,10.7,5.3,322.9,23.5,2,19,0
_1923,BILJE,2014/02,7.9,12.1,4.5,311.7,64.1,2,21,0
_1923,BILJE,2014/03,10.7,17.2,5,58.5,213.9,1,6,0
_1923,BILJE,2014/04,13.7,19.8,8.5,71.8,161.6,6,15,0
_1923,BILJE,2014/05,15.9,22.3,10,121,230.6,8,12,0
_1923,BILJE,2014/06,20.9,27.5,14.5,154.4,261.5,11,11,0
_1923,BILJE,2014/07,21.2,27.5,16.3,218,220.6,14,17,0
_1923,BILJE,2014/08,20.7,26.8,15.9,185.4,240.9,11,14,0
_1923,BILJE,2014/09,17.4,23.5,13.1,140.4,152.3,3,17,0
_1923,BILJE,2014/10,14.8,20.4,10.7,150,175.7,3,13,0
_1923,BILJE,2014/11,11.4,15.8,8.2,452.4,91.5,2,20,0
_1923,BILJE,2014/12,6.1,9.6,3.1,117.9,64.4,1,16,2
_1923,BILJE,2015/01,4.6,10,0.4,50,94,0,10,0
_1923,BILJE,2015/02,5.1,10.3,0.7,11,129.4,0,10,0
_1923,BILJE,2015/03,9.2,15,4.1,88.1,193,1,8,0
_1923,BILJE,2015/04,11.8,18.5,5.7,61.3,240.1,0,8,0
_1923,BILJE,2015/05,17.6,23.3,12.4,74.4,224.9,2,13,0
_1923,BILJE,2015/06,21.5,28.1,14.8,183.5,292.7,8,12,0
_1923,BILJE,2015/07,25.4,32.1,18.9,96.3,334,6,9,0
_1923,BILJE,2015/08,23,30.6,17.2,176.7,293.4,4,10,0
_1923,BILJE,2015/09,18.4,24.2,13.4,174.9,204.1,5,11,0
_1923,BILJE,2015/10,13.1,18.7,9.1,247.5,142.5,3,18,0
_1923,BILJE,2015/11,7.9,14.3,3.2,18.3,144.9,0,10,0
_1923,BILJE,2015/12,4.7,10.5,0.6,3.6,99.1,0,11,0
_1923,BILJE,2016/01,3.1,8.3,-1.2,105.1,93.2,0,12,2
_1923,BILJE,2016/02,7.3,11.2,4.3,263.3,74.9,2,17,0
_1923,BILJE,2016/03,9,14.2,4.5,64.9,140.9,1,10,0
_1923,BILJE,2016/04,12.8,19.2,7.6,73.4,194.6,2,10,0
_1923,BILJE,2016/05,15.8,22.5,10.3,123.5,211.5,8,11,0
_1923,BILJE,2016/06,20.9,26.5,15.1,162.4,225.3,10,16,0
_1923,BILJE,2016/07,23.9,31,17.3,67.8,314.2,7,10,0
_1923,BILJE,2016/08,22.5,29.7,15.3,75,323.9,5,9,0
_1923,BILJE,2016/09,19.8,27.2,13.9,108.3,215.6,6,10,0
_1923,BILJE,2016/10,12,17.9,7.9,157.9,156.1,1,14,0
_1923,BILJE,2016/11,9.2,13.4,5.6,282.9,85.5,1,17,0
_1923,BILJE,2016/12,2.8,11.6,-2.8,0.4,164.1,0,4,0
_1923,BILJE,2017/01,0.6,6.4,-4.2,60.5,176,0,3,0
_1923,BILJE,2017/02,6.3,10.9,2.5,192.1,103.3,0,12,0
_1923,BILJE,2017/03,10.1,17.5,3.7,53.1,217.2,0,6,0
_1923,BILJE,2017/04,12.6,19.2,6.4,141.4,207.7,1,11,0
_1923,BILJE,2017/05,17.4,23.7,11.5,54.9,250.3,3,11,0
_1923,BILJE,2017/06,22.4,29,15.6,188.3,300.1,7,10,0
_1923,BILJE,2017/07,23.3,30.3,16.2,36,336.3,4,8,0
_1923,BILJE,2017/08,24,32.2,17,63.4,344.7,7,5,0
_1923,BILJE,2017/09,16.3,21.5,11.9,243.4,134.9,10,19,0
_1923,BILJE,2017/10,12.4,19.7,7.2,34.7,177.6,2,5,0
_1923,BILJE,2017/11,8.2,13.6,4,137.7,95.3,0,10,0
_1923,BILJE,2017/12,3,8.9,-1.1,245,101.2,0,14,0
_1923,BILJE,2018/01,5.7,10.2,1.8,94.4,84.6,1,14,0
_1923,BILJE,2018/02,3,7.2,-0.8,85,96.6,0,8,0
_1923,BILJE,2018/03,6.8,11.3,3.4,144.3,118.5,3,18,0
_1923,BILJE,2018/04,15.3,21.7,9.5,93.7,251.5,1,12,0
_1923,BILJE,2018/05,19.1,25.7,13.1,80.6,228.9,5,15,0
_1923,BILJE,2018/06,21.7,28.1,15.2,106.6,267.5,8,12,0
_1923,BILJE,2018/07,23.2,30.7,17.3,62.9,271,10,16,0
_1923,BILJE,2018/08,23.8,32.2,17.5,76.5,301.5,10,10,0
_1923,BILJE,2018/09,19.1,26.9,13.5,75.9,251.5,3,7,0
_1923,BILJE,2018/10,15.1,21.5,9.6,68,182.2,1,10,0
_1923,BILJE,2018/11,10.7,14.4,7.9,162.5,99.2,1,16,0
_1923,BILJE,2018/12,3.8,9.5,-0.2,28.6,98.6,0,10,0
_1923,BILJE,2019/01,2,7.9,-2.4,48.2,122.7,1,7,2
_1923,BILJE,2019/02,5.9,13.9,0.2,109.9,192.6,1,6,0
_1923,BILJE,2019/03,9.2,16.9,2.7,23.8,230.6,1,5,0
_1923,BILJE,2019/04,12.7,18.4,7.6,88.5,154.5,0,17,0
_1923,BILJE,2019/05,14.2,19,9.8,201.4,124.4,0,19,0
_1923,BILJE,2019/06,24.3,31,17,19.7,335.2,2,4,0
_1923,BILJE,2019/07,24,31.1,17.7,65.9,301.1,7,13,0
_1923,BILJE,2019/08,24.3,31,18.1,56.9,247.8,10,7,0
_1923,BILJE,2019/09,18.4,25.2,13.4,117.2,219.8,6,8,0
_1923,BILJE,2019/10,14.1,20.6,9.8,40.5,146.9,1,7,0
_1923,BILJE,2019/11,10.7,14.9,7.3,400.7,61.1,7,24,0
_1923,BILJE,2019/12,6.3,11.4,2.1,152,96.7,0,12,0
_1923,BILJE,2020/01,3.7,10.7,-1.7,24.4,156.9,0,6,0