station id, station name, valid,povp. T [°C],povp. max T [°C],povp. min T [°C],količina padavin [mm],trajanje sonca [h],št. dni z nevihto,št. dni s padavinami >0.1mm,št. dni s snežno odejo
_1899,RATEČE,2010/01,-5,-1.5,-7.6,56.1,35.8,0,12,31
_1899,RATEČE,2010/02,-2.3,2.9,-6.6,123.6,87.6,0,13,28
_1899,RATEČE,2010/03,1.2,7.5,-3.5,53.3,142.7,0,11,27
_1899,RATEČE,2010/04,7,13.7,0.5,107.1,183.1,1,12,4
_1899,RATEČE,2010/05,11.3,16.3,5.9,162.9,135.1,1,16,0
_1899,RATEČE,2010/06,16.1,22.4,8.9,116.6,203,3,12,0
_1899,RATEČE,2010/07,19,26.3,11.6,102.7,251.3,9,12,0
_1899,RATEČE,2010/08,16,22.6,10.7,181.4,198.6,10,15,0
_1899,RATEČE,2010/09,10.9,17,6.4,202,140.3,1,15,0
_1899,RATEČE,2010/10,5.8,11.3,1.8,121.1,126.2,0,12,6
_1899,RATEČE,2010/11,2.9,6.7,0.2,304.5,49,1,18,15
_1899,RATEČE,2010/12,-4.5,-0.4,-8.2,172.1,37.2,0,20,31
_1899,RATEČE,2011/01,-2.9,2.3,-7.1,49.6,72.7,0,6,31
_1899,RATEČE,2011/02,-1.3,5.1,-5.6,16.4,115.4,0,8,28
_1899,RATEČE,2011/03,2.4,9.7,-2.9,71.3,170.6,0,9,19
_1899,RATEČE,2011/04,9,17.2,2.1,61.5,193.9,1,7,0
_1899,RATEČE,2011/05,12.7,20.5,4.1,122.2,257.3,7,11,0
_1899,RATEČE,2011/06,15.8,21.6,9.9,256,150.2,4,17,0
_1899,RATEČE,2011/07,16.6,23.2,10,183.2,209.5,7,19,0
_1899,RATEČE,2011/08,17.6,25.6,10.7,127.4,268,4,10,0
_1899,RATEČE,2011/09,14.9,22.9,8.9,121.7,211.6,2,7,0
_1899,RATEČE,2011/10,6.1,13.2,1.4,206.5,149.3,1,8,6
_1899,RATEČE,2011/11,1.3,8.6,-3,9.4,122.6,0,5,0
_1899,RATEČE,2011/12,-1.2,3.5,-5.2,67.4,41.8,0,10,18
_1899,RATEČE,2012/01,-4.1,2.4,-8.6,28.6,96.7,0,7,31
_1899,RATEČE,2012/02,-4.9,1.5,-9.9,36.7,96.9,0,11,29
_1899,RATEČE,2012/03,5.8,14.4,-1.5,16.3,217,0,3,2
_1899,RATEČE,2012/04,6.6,12.4,1.6,196.6,140.9,2,19,2
_1899,RATEČE,2012/05,11.9,19,5.3,132,210.1,6,15,0
_1899,RATEČE,2012/06,17,23.6,10.6,94.3,223.3,4,13,0
_1899,RATEČE,2012/07,17.4,25,11.7,331.4,236.7,10,20,0
_1899,RATEČE,2012/08,17.7,25.9,11.1,87.2,268.9,5,11,0
_1899,RATEČE,2012/09,12.3,18.5,7.5,233.1,147.2,2,13,0
_1899,RATEČE,2012/10,7.4,13.9,3.4,194.3,127.2,2,16,4
_1899,RATEČE,2012/11,3.9,7.4,1.4,290.9,38.3,0,16,5
_1899,RATEČE,2012/12,-3.6,0.9,-7.1,59,53.1,0,9,28
_1899,RATEČE,2013/01,-2,2.3,-5.4,97.7,70.2,0,13,21
_1899,RATEČE,2013/02,-3.7,1.2,-7.9,148.4,45.8,0,15,28
_1899,RATEČE,2013/03,-0.1,5.1,-3.7,166.4,108.9,0,18,31
_1899,RATEČE,2013/04,6.7,13.3,1.9,56.2,142.9,0,16,17
_1899,RATEČE,2013/05,10.1,15.4,6,236.5,130.3,2,23,1
_1899,RATEČE,2013/06,15.5,22.4,8.4,51.8,226.9,2,12,0
_1899,RATEČE,2013/07,19.2,27.3,11.9,56.4,279.7,8,12,0
_1899,RATEČE,2013/08,17.4,25.5,10.1,105.9,240.1,3,12,0
_1899,RATEČE,2013/09,12,18.7,7,141.8,177.7,3,12,0
_1899,RATEČE,2013/10,8.8,14.2,4.9,172.2,116.9,5,14,0
_1899,RATEČE,2013/11,2.4,5.5,-0.2,259.8,36.9,1,17,13
_1899,RATEČE,2013/12,-1.1,4.1,-4.6,105.2,67.3,0,6,30
_1899,RATEČE,2014/01,0,3.4,-2.5,285.9,54.6,1,14,25
_1899,RATEČE,2014/02,0.1,3.9,-2.7,403.2,59.4,1,20,28
_1899,RATEČE,2014/03,3.2,10.8,-1.6,93.4,174.4,0,9,31
_1899,RATEČE,2014/04,8.1,14.9,2.6,47.1,155.5,3,14,4
_1899,RATEČE,2014/05,10.8,17.6,4.5,120.8,190.6,2,12,0
_1899,RATEČE,2014/06,15.6,22.8,8.7,149.9,201.9,5,17,0
_1899,RATEČE,2014/07,16.5,22.9,11.1,114.8,162.9,4,18,0
_1899,RATEČE,2014/08,15.1,21.2,10.4,177,169.7,2,15,0
_1899,RATEČE,2014/09,12.4,18.5,8.3,211.1,128.7,1,17,0
_1899,RATEČE,2014/10,9.1,16.1,4.8,51.2,158.6,2,8,1
_1899,RATEČE,2014/11,5.6,8.9,3.3,330.6,46.4,0,15,2
_1899,RATEČE,2014/12,-1,2.9,-3.8,99.1,32.7,0,11,12
_1899,RATEČE,2015/01,-1.6,3.4,-5.5,89.8,66.3,1,12,31
_1899,RATEČE,2015/02,-1.4,3.8,-5.5,32.9,90.5,0,8,28
_1899,RATEČE,2015/03,2.5,9.4,-2.7,64.3,160.3,0,10,10
_1899,RATEČE,2015/04,7.2,14.6,0.3,15.1,221.4,0,9,1
_1899,RATEČE,2015/05,12.8,18.7,6.6,163,165.8,2,15,0
_1899,RATEČE,2015/06,16.4,22.8,9.6,141.4,206.9,4,14,0
_1899,RATEČE,2015/07,19.8,26.5,13.3,104.9,240.7,8,14,0
_1899,RATEČE,2015/08,17.5,24.8,11.4,114.8,229.6,3,13,0
_1899,RATEČE,2015/09,11.7,17.4,7,287,144.3,4,14,0
_1899,RATEČE,2015/10,7,12.1,3.5,187.9,95.5,1,17,0
_1899,RATEČE,2015/11,3,11.2,-2,31.7,125.5,0,5,10
_1899,RATEČE,2015/12,-0.7,6.6,-4.9,0,103.6,0,0,8
_1899,RATEČE,2016/01,-2,3.5,-6.6,86.5,91.7,1,7,10
_1899,RATEČE,2016/02,0.6,4.6,-2.4,232.3,73.5,0,20,27
_1899,RATEČE,2016/03,2.2,8,-1.8,122,127.4,0,12,31
_1899,RATEČE,2016/04,7.6,14.6,2.2,73.4,166.4,0,11,4
_1899,RATEČE,2016/05,10.6,17.3,4.6,157.4,156.3,1,18,0
_1899,RATEČE,2016/06,15.5,21.9,9.7,175,169.4,7,19,0
_1899,RATEČE,2016/07,18.1,25.2,11.7,168.8,225.4,7,14,0
_1899,RATEČE,2016/08,16.1,23.3,9.8,222.5,234.4,6,13,0
_1899,RATEČE,2016/09,13.8,21.5,8.3,73.6,203.7,4,9,0
_1899,RATEČE,2016/10,6.6,12.6,2.7,127.9,104.9,1,14,0
_1899,RATEČE,2016/11,2.8,7.4,-0.5,226.3,64.4,1,15,4
_1899,RATEČE,2016/12,-2.3,5.3,-6.5,0,97.3,0,0,0
_1899,RATEČE,2017/01,-7,-0.4,-12,27.8,116.6,0,4,19
_1899,RATEČE,2017/02,0.9,5.7,-2.5,74.1,93.7,0,10,24
_1899,RATEČE,2017/03,5.3,13.6,-1.1,89.7,203,0,9,2
_1899,RATEČE,2017/04,7.5,14.2,1.3,174.6,170,0,12,0
_1899,RATEČE,2017/05,12.7,19.8,5.6,76.4,217,3,14,0
_1899,RATEČE,2017/06,17.1,24.2,10.4,228.9,234.5,11,15,0
_1899,RATEČE,2017/07,17.5,25.3,11.1,162.8,276.5,8,15,0
_1899,RATEČE,2017/08,17.7,25.9,11.1,189.7,280.7,10,8,0
_1899,RATEČE,2017/09,10.2,15.5,6.6,378.5,107.8,3,20,0
_1899,RATEČE,2017/10,7.2,16.5,2.1,47.3,214.9,1,6,0
_1899,RATEČE,2017/11,0.9,6.2,-2.4,201.9,69.7,0,11,25
_1899,RATEČE,2017/12,-3.4,1.6,-7.3,284.7,48.4,1,12,31
_1899,RATEČE,2018/01,-0.8,4.4,-4.5,77.9,83.1,0,12,31
_1899,RATEČE,2018/02,-4.3,-0.3,-7.8,144.9,54.5,0,18,28
_1899,RATEČE,2018/03,0.3,5.4,-3.3,121,105.5,1,15,31
_1899,RATEČE,2018/04,9.7,17.7,3.3,104.9,213.5,1,14,7
_1899,RATEČE,2018/05,13.2,19.5,8.1,72.4,165.1,11,23,0
_1899,RATEČE,2018/06,16.4,23.4,9.7,116.7,,7,16,0
_1899,RATEČE,2018/07,17.6,25,11.5,111,229.3,7,17,0
_1899,RATEČE,2018/08,18.1,26.2,11.5,116.4,245.6,4,8,0
_1899,RATEČE,2018/09,13.2,21.2,8,104.3,219.8,3,9,0
_1899,RATEČE,2018/10,8.8,15.8,4.4,340.9,146,1,10,0
_1899,RATEČE,2018/11,4.1,7.2,1.9,145.4,53.9,0,14,5
_1899,RATEČE,2018/12,-1.6,3.7,-5.2,15.4,55.5,0,10,6
_1899,RATEČE,2019/01,-3.7,1.2,-8.1,60.9,78.5,0,11,18
_1899,RATEČE,2019/02,0.2,8.4,-5.2,157.3,150.1,0,5,28
_1899,RATEČE,2019/03,3.8,12.3,-2.1,73.7,197.4,1,7,16
_1899,RATEČE,2019/04,7.2,12.5,2.5,199.8,133.9,1,17,2
_1899,RATEČE,2019/05,8.5,13.9,3.9,217.2,117.2,0,24,3
_1899,RATEČE,2019/06,19.4,26.8,11.3,38.8,299.4,6,7,0
_1899,RATEČE,2019/07,18.5,26.4,11.9,119.7,249.8,8,18,0
_1899,RATEČE,2019/08,18,24.7,12.8,135.2,218,13,13,0
_1899,RATEČE,2019/09,12.4,19.4,7.4,153.3,207.3,3,10,0
_1899,RATEČE,2019/10,8.7,15.8,4,58.3,159.1,1,9,0
_1899,RATEČE,2019/11,3.8,6.5,1.7,502.7,29.6,8,25,7
_1899,RATEČE,2019/12,-1,3.3,-4.4,157.7,57.8,1,15,9
_1899,RATEČE,2020/01,-1.7,5.4,-6,13.5,122.6,1,6,3