station id, station name, valid,povp. T [°C],povp. max T [°C],povp. min T [°C],količina padavin [mm],trajanje sonca [h],št. dni z nevihto,št. dni s padavinami >0.1mm,št. dni s snežno odejo
_1900,LISCA,2000/01,-2.5,0.5,-5.2,5.2,139.4,0,6,31
_1900,LISCA,2000/02,1.6,5,-1,38.5,180.7,0,3,14
_1900,LISCA,2000/03,3.2,7.7,0.3,51.7,178.7,2,11,4
_1900,LISCA,2000/04,9.6,14,6.4,51.9,174.7,5,9,1
_1900,LISCA,2000/05,13,17.6,9.6,102.2,294.4,3,10,0
_1900,LISCA,2000/06,16.6,21.6,12.8,46.2,320.8,4,11,0
_1900,LISCA,2000/07,15.6,20.1,12.1,140.9,275.8,7,13,0
_1900,LISCA,2000/08,19.1,23.8,15.8,25.1,311.7,6,8,0
_1900,LISCA,2000/09,13,17.3,10.2,101.7,207.5,6,11,0
_1900,LISCA,2000/10,9.8,12.3,8,153.5,124.3,1,12,0
_1900,LISCA,2000/11,5.9,8.5,4,174.7,92.5,2,23,0
_1900,LISCA,2000/12,2.6,4.7,0.7,100.5,104.5,1,10,14
_1900,LISCA,2001/01,-0.7,1.3,-2.4,103.7,40.1,1,19,17
_1900,LISCA,2001/02,0.9,3.7,-1.3,22.5,134.1,1,6,11
_1900,LISCA,2001/03,4.8,8.3,2.3,121.9,122.5,2,18,8
_1900,LISCA,2001/04,6,10.2,2.9,114.7,194.4,1,17,0
_1900,LISCA,2001/05,13.1,17.4,10,73.5,260.6,7,11,0
_1900,LISCA,2001/06,13.8,18.5,10.3,178.3,274.8,5,12,0
_1900,LISCA,2001/07,17.5,21.6,14.2,123.7,279.3,5,10,0
_1900,LISCA,2001/08,18.5,23.4,15.1,61.9,307.9,6,7,0
_1900,LISCA,2001/09,10.3,14,7.9,253.7,126.5,3,19,0
_1900,LISCA,2001/10,11.8,15.4,9.3,30.5,199.4,0,5,0
_1900,LISCA,2001/11,1.3,4.5,-0.7,93.5,128,1,9,13
_1900,LISCA,2001/12,-4.6,-2.1,-6.9,46.8,81.3,0,12,22
_1900,LISCA,2002/01,-0.8,1.8,-3.4,10.8,146.7,0,6,24
_1900,LISCA,2002/02,2.9,5.7,0.6,67.2,114.4,0,11,7
_1900,LISCA,2002/03,5.3,9.8,2,55,201.6,2,7,4
_1900,LISCA,2002/04,5.7,9.4,3,154.1,136.7,2,21,4
_1900,LISCA,2002/05,13.3,17.9,10.4,91.6,246.2,6,12,0
_1900,LISCA,2002/06,16.7,21.2,13.3,100.6,314.5,8,11,0
_1900,LISCA,2002/07,17.2,21.4,14,112.2,272.7,12,11,0
_1900,LISCA,2002/08,16.6,19.9,13.9,206.6,212.2,9,12,0
_1900,LISCA,2002/09,11.1,14.4,8.9,81.8,174.4,4,13,0
_1900,LISCA,2002/10,8.2,11.2,5.7,165.2,121.1,2,12,0
_1900,LISCA,2002/11,6.5,9.3,4.5,75.1,86,0,14,0
_1900,LISCA,2002/12,-1.6,0.4,-3.5,82.6,29.6,0,16,22
_1900,LISCA,2003/01,-2.3,0.5,-4.8,69,101.5,0,14,27
_1900,LISCA,2003/02,-4.9,-2.4,-7.2,65.8,135.6,0,9,28
_1900,LISCA,2003/03,4,8.4,0.8,8.5,198.9,2,8,11
_1900,LISCA,2003/04,5.9,10,2.8,56.5,187.6,0,11,3
_1900,LISCA,2003/05,14.7,19.9,10.8,48.7,285.2,7,7,0
_1900,LISCA,2003/06,19.3,24.5,15.5,43.2,285.6,13,10,0
_1900,LISCA,2003/07,18,22.9,14.2,77.6,279.3,11,13,0
_1900,LISCA,2003/08,21.4,27.1,17.2,37.6,309.3,8,9,0
_1900,LISCA,2003/09,12.5,16.9,9.5,138.6,230.6,1,12,0
_1900,LISCA,2003/10,5.2,8,2.7,147.1,126.5,4,10,7
_1900,LISCA,2003/11,5.1,7.8,3.1,80.2,86.4,0,12,1
_1900,LISCA,2003/12,0.2,2.9,-2.1,49.6,133,0,6,10
_1900,LISCA,2004/01,-3.5,-1.1,-5.5,76.3,87.4,0,14,29
_1900,LISCA,2004/02,-0.1,3,-2.6,73.1,99,1,13,19
_1900,LISCA,2004/03,0.8,3.7,-1.3,104,115.1,0,10,27
_1900,LISCA,2004/04,6.5,10,4.1,132.5,110.2,2,16,6
_1900,LISCA,2004/05,9.5,14.1,6.5,95.7,218.9,4,14,0
_1900,LISCA,2004/06,14.1,17.9,10.9,144.4,197,10,17,0
_1900,LISCA,2004/07,16.5,20.9,12.9,90.6,269,6,11,0
_1900,LISCA,2004/08,16.6,21.4,13.4,168.7,268,12,14,0
_1900,LISCA,2004/09,11.8,15.4,9,82.1,171.7,1,11,0
_1900,LISCA,2004/10,9.7,12.3,7.7,229.4,96.3,6,15,1
_1900,LISCA,2004/11,3.2,5.7,1.1,44.3,88.1,0,12,6
_1900,LISCA,2004/12,0.1,2.8,-2.3,44.4,113.3,0,11,0
_1900,LISCA,2005/01,-1,1.8,-3.3,20.9,154.2,0,6,11
_1900,LISCA,2005/02,-4.9,-2.5,-6.6,62.4,100.1,1,15,28
_1900,LISCA,2005/03,1.7,5.4,-1.7,41.1,161,2,11,19
_1900,LISCA,2005/04,6.7,11,3.5,95.5,190.1,1,14,3
_1900,LISCA,2005/05,12.1,16.6,8.8,102.5,251.8,7,12,0
_1900,LISCA,2005/06,15,19.6,11.7,75.8,259.8,11,12,0
_1900,LISCA,2005/07,16.4,20.4,13.3,186,244.8,9,17,0
_1900,LISCA,2005/08,14,17.4,11.5,358.4,158.9,5,20,0
_1900,LISCA,2005/09,12.5,16,10.3,173.8,171.1,7,14,0
_1900,LISCA,2005/10,8.3,10.7,6.3,44.4,123,0,8,0
_1900,LISCA,2005/11,1.8,4.3,0,103.6,55.1,0,17,10
_1900,LISCA,2005/12,-2.2,-0.4,-3.8,77.5,75.3,0,16,31
_1900,LISCA,2006/01,-4.3,-2.2,-6.4,43.4,102.7,0,10,31
_1900,LISCA,2006/02,-2.2,0.7,-4.2,50.4,98.1,0,12,24
_1900,LISCA,2006/03,0.2,3.2,-2.6,78,117.8,1,11,25
_1900,LISCA,2006/04,7.7,12.1,4.7,111.8,164.2,2,15,4
_1900,LISCA,2006/05,11,15.8,7.7,185.3,217.9,7,11,0
_1900,LISCA,2006/06,15.4,19.3,12,38.7,263.4,7,12,0
_1900,LISCA,2006/07,19.1,23.7,15.8,62.1,303.3,10,11,0
_1900,LISCA,2006/08,13.9,17.6,11.2,196.9,168.7,11,22,0
_1900,LISCA,2006/09,14.2,17.9,11.4,60.4,246.9,3,6,0
_1900,LISCA,2006/10,10.3,13.9,7.9,61.5,177.9,1,4,0
_1900,LISCA,2006/11,5.4,7.9,3.3,50.7,103,0,5,0
_1900,LISCA,2006/12,2,4.1,0.3,37.3,80.6,0,8,14
_1900,LISCA,2007/01,2.6,5.1,0.7,53,124.9,0,8,12
_1900,LISCA,2007/02,2.9,5.4,0.8,62.3,97.6,0,9,4
_1900,LISCA,2007/03,3.9,7.2,1.4,93.2,143.7,0,12,13
_1900,LISCA,2007/04,10.6,15.8,6.7,10.8,275.4,0,7,0
_1900,LISCA,2007/05,12.6,16.9,9.2,121.5,238.2,7,14,0
_1900,LISCA,2007/06,16.5,20.4,13.3,55.3,245,11,12,0
_1900,LISCA,2007/07,18.5,23.6,14.5,94.8,344.4,7,11,0
_1900,LISCA,2007/08,16.5,20.4,13.5,121.2,226.3,9,14,0
_1900,LISCA,2007/09,10.8,14.8,7.8,179,202.3,5,13,0
_1900,LISCA,2007/10,6.5,9.6,4.4,146.3,131.4,0,13,5
_1900,LISCA,2007/11,1.9,4.6,-0.2,38.8,102,0,10,9
_1900,LISCA,2007/12,-1.2,1.1,-3.1,59.7,86.4,0,15,24
_1900,LISCA,2008/01,1.9,4.5,-0.2,15.2,84.5,0,9,7
_1900,LISCA,2008/02,1.7,5,-1.1,31.8,162.2,0,4,3
_1900,LISCA,2008/03,2.1,5.2,-0.3,168.1,106.8,1,21,21
_1900,LISCA,2008/04,6.7,10.7,3.9,67.1,158.4,3,16,0
_1900,LISCA,2008/05,12.3,16.3,9.5,59.6,243.6,6,11,0
_1900,LISCA,2008/06,15.6,19.3,13,176,200.3,11,15,0
_1900,LISCA,2008/07,16.9,21.5,13.5,167.6,269.7,13,17,0
_1900,LISCA,2008/08,16.7,21.2,13.5,159.3,296.3,6,7,0
_1900,LISCA,2008/09,10.6,13.9,8.4,56.3,145.1,3,10,0
_1900,LISCA,2008/10,9.4,13.2,7,85.8,160.5,1,9,0
_1900,LISCA,2008/11,4,6.7,2.3,75.6,108.6,2,13,4
_1900,LISCA,2008/12,-0.7,1.2,-2.3,129,51.7,1,18,20
_1900,LISCA,2009/01,-3.5,-1.3,-5.5,94.4,66.1,0,13,30
_1900,LISCA,2009/02,-1.3,1.5,-3.7,60.8,97.7,0,13,20
_1900,LISCA,2009/03,2.5,6.2,-0.1,116.4,123.3,0,13,4
_1900,LISCA,2009/04,10.1,14,7.2,77.3,190.9,3,16,0
_1900,LISCA,2009/05,13.5,18.2,9.8,115,248.3,6,15,0
_1900,LISCA,2009/06,14,18.3,10.8,152.2,218.7,7,18,0
_1900,LISCA,2009/07,17.4,21.5,14.2,103.5,304.2,8,13,0
_1900,LISCA,2009/08,18,22.5,14.9,126.2,306.2,6,7,0
_1900,LISCA,2009/09,14.1,17.8,11.6,25.8,211.4,3,6,0
_1900,LISCA,2009/10,7.4,11.3,5,54.3,180.8,1,10,0
_1900,LISCA,2009/11,5.4,7.5,3.5,80.6,104.9,0,12,5
_1900,LISCA,2009/12,-0.7,1.5,-2.8,96.7,48.9,1,21,17
_1900,LISCA,2010/01,-4.7,-2.9,-6.1,76.1,53.3,0,18,30