station id, station name, valid,povp. T [°C],povp. max T [°C],povp. min T [°C],količina padavin [mm],trajanje sonca [h],št. dni z nevihto,št. dni s padavinami >0.1mm,št. dni s snežno odejo
_1901,CELJE,1990/01,-1.2,3.8,-5.4,50.5,56.2,1,6,3
_1901,CELJE,1990/02,5.1,13.3,-1.1,21.3,148.3,1,6,0
_1901,CELJE,1990/03,7.1,15.7,-0.3,62.8,166.7,1,5,0
_1901,CELJE,1990/04,9.1,14.3,3.4,91.6,134.5,1,17,0
_1901,CELJE,1990/05,15.6,22.6,8.1,69.5,219.8,10,12,0
_1901,CELJE,1990/06,17.9,23.5,11.5,154.8,181.5,5,17,0
_1901,CELJE,1990/07,19.1,25.6,12.1,137.7,261,8,10,0
_1901,CELJE,1990/08,18.8,26.8,11.5,130.7,256.7,5,7,0
_1901,CELJE,1990/09,13.3,20.1,8.1,120.9,142.8,5,15,0
_1901,CELJE,1990/10,10.7,16.7,6.3,175.9,128.7,0,14,0
_1901,CELJE,1990/11,4.5,9.4,0.5,176,59.5,2,14,0
_1901,CELJE,1990/12,-0.5,3.1,-4,76,38.8,0,17,17
_1901,CELJE,1991/01,0.2,4.7,-3.7,53.6,79.5,0,8,0
_1901,CELJE,1991/02,-3.5,3.5,-9.1,30.6,105.8,0,7,19
_1901,CELJE,1991/03,7.4,13.3,2.7,60.2,86.5,0,11,1
_1901,CELJE,1991/04,8.5,14.7,2.4,38,142.8,3,12,1
_1901,CELJE,1991/05,11.6,16.7,5.9,135.4,158.8,4,20,0
_1901,CELJE,1991/06,18.1,24,11.5,142.6,222.6,4,13,0
_1901,CELJE,1991/07,21,27.2,14.7,152.1,229.7,8,10,0
_1901,CELJE,1991/08,19.6,26.2,13.9,107.6,236.4,9,15,0
_1901,CELJE,1991/09,16.4,22.9,10.4,73.1,179.5,3,11,0
_1901,CELJE,1991/10,8.5,14,4.6,139.6,111.1,2,10,0
_1901,CELJE,1991/11,5,8.8,1.5,242.1,59.3,1,15,0
_1901,CELJE,1991/12,-2.3,3.1,-6.6,13.5,17.3,0,5,11
_1901,CELJE,1992/01,0.6,5.2,-3.1,20.6,,0,8,11
_1901,CELJE,1992/02,2.6,9.6,-3.2,28.4,,1,3,2
_1901,CELJE,1992/03,5.4,11.8,-0.3,95.9,,0,12,3
_1901,CELJE,1992/04,10.4,16.5,3.9,84.7,177.9,2,11,0
_1901,CELJE,1992/05,15.3,21.8,7.5,26.2,256.5,5,11,0
_1901,CELJE,1992/06,18.3,24.3,11.8,133.4,231.1,6,11,0
_1901,CELJE,1992/07,20.5,27,13,82.2,258.4,7,13,0
_1901,CELJE,1992/08,23.1,31.8,14,15.5,323.8,6,6,0
_1901,CELJE,1992/09,15.5,23.8,8.2,67.2,229.6,2,7,0
_1901,CELJE,1992/10,9.2,14,5.3,302.7,90.2,9,22,0
_1901,CELJE,1992/11,6.3,11.4,1.9,101.3,83,2,14,0
_1901,CELJE,1992/12,0.4,3.3,-2,90.2,39.6,0,13,4
_1901,CELJE,1993/01,1,6.6,-3.8,3.3,114.5,0,4,7
_1901,CELJE,1993/02,-0.4,6.8,-6.3,0,125.4,0,0,0
_1901,CELJE,1993/03,4.4,11.5,-2,24.1,146.5,0,9,5
_1901,CELJE,1993/04,10.2,17.3,3.4,44.9,166.8,4,11,0
_1901,CELJE,1993/05,16.6,23.8,9.4,41.9,240.2,14,13,0
_1901,CELJE,1993/06,18.9,25,12.7,81.5,223.4,8,16,0
_1901,CELJE,1993/07,19.7,26.8,12.5,63.6,270.9,9,12,0
_1901,CELJE,1993/08,20,27.3,12.8,119.8,258.8,9,14,0
_1901,CELJE,1993/09,14.8,19.9,10.4,143.4,145.5,9,19,0
_1901,CELJE,1993/10,11.1,16.2,7.6,213.1,113.4,8,16,0
_1901,CELJE,1993/11,1.8,4.3,-0.4,91.9,26.5,0,19,18
_1901,CELJE,1993/12,1.6,6.2,-2.6,124.1,67,3,11,16
_1901,CELJE,1994/01,3.4,8.2,-0.8,36.5,94.3,1,8,2
_1901,CELJE,1994/02,2.1,6.7,-2.4,23.9,89.1,0,8,9
_1901,CELJE,1994/03,9.6,16.4,3.1,35.4,181.4,2,5,0
_1901,CELJE,1994/04,9.7,15.3,4.4,115.9,133.5,5,15,0
_1901,CELJE,1994/05,15.1,21.3,8.5,58.6,214.5,4,13,0
_1901,CELJE,1994/06,19,24.8,12.7,169,240.3,10,15,0
_1901,CELJE,1994/07,21.4,28.3,15.1,89.2,286.7,9,9,0
_1901,CELJE,1994/08,21.1,28.2,14.7,221,264,13,12,0
_1901,CELJE,1994/09,16.9,23.5,11.6,120.4,199.9,6,13,0
_1901,CELJE,1994/10,8.3,14.2,4.1,139.7,132.1,3,11,0
_1901,CELJE,1994/11,7.3,11.5,4,46.9,51.4,0,6,0
_1901,CELJE,1994/12,1.4,6,-2.4,103.9,83.4,0,10,12
_1901,CELJE,1995/01,0.2,4.6,-4.2,74.3,92.2,2,11,12
_1901,CELJE,1995/02,4.2,10.2,-1,122.1,100.7,4,10,3
_1901,CELJE,1995/03,4.4,9.8,-0.4,128.6,133.3,2,13,5
_1901,CELJE,1995/04,10.5,17.5,3.2,29.6,175.3,4,8,0
_1901,CELJE,1995/05,14.8,20.8,8,76,218.7,4,11,0
_1901,CELJE,1995/06,16.9,22.2,11.4,126,185.5,12,18,0
_1901,CELJE,1995/07,21.7,28,14.9,66.8,292.2,8,10,0
_1901,CELJE,1995/08,18.4,25,12.3,139.5,216.7,8,15,0
_1901,CELJE,1995/09,14,20.1,9,193.9,166.2,6,18,0
_1901,CELJE,1995/10,11.3,18.3,5.6,3.4,181,0,5,0
_1901,CELJE,1995/11,3.9,8.3,-0.4,44.8,78.3,2,12,0
_1901,CELJE,1995/12,0.6,2.5,-2.1,117.9,11.2,0,22,25
_1901,CELJE,1996/01,-1,1.2,-3.4,77.1,31,0,16,24
_1901,CELJE,1996/02,-1.8,3.4,-7,41.4,111.1,1,8,29
_1901,CELJE,1996/03,2.4,7.1,-2.4,19.4,111.6,0,10,9
_1901,CELJE,1996/04,9.8,15.8,3.5,90.1,174.4,1,15,4
_1901,CELJE,1996/05,16.1,21.7,10.3,134.2,225.3,7,16,0
_1901,CELJE,1996/06,19.2,25.5,12.2,114.1,269.6,8,10,0
_1901,CELJE,1996/07,18.4,24.3,11.9,159.9,276.3,10,11,0
_1901,CELJE,1996/08,18.8,24.8,13.5,147.2,207.8,14,15,0
_1901,CELJE,1996/09,12.5,17.6,8.6,128.9,118.8,5,18,0
_1901,CELJE,1996/10,10.6,15.4,7,155.5,100.8,1,14,0
_1901,CELJE,1996/11,7.2,11.6,3.3,96.8,87.4,0,15,5
_1901,CELJE,1996/12,-1.6,1.4,-4.7,36.9,57.3,0,15,20
_1901,CELJE,1997/01,-1.3,1,-3.4,66.6,23.5,0,12,31
_1901,CELJE,1997/02,3,9.9,-2.1,22.4,157.3,4,3,9
_1901,CELJE,1997/03,5.6,12.7,-0.8,17.8,163,0,10,1
_1901,CELJE,1997/04,7.5,14.1,1,43.3,196.5,2,12,2
_1901,CELJE,1997/05,15.8,22.3,8.6,87.2,289.2,6,12,0
_1901,CELJE,1997/06,18.9,24.5,13.2,143.1,220,13,19,0
_1901,CELJE,1997/07,19.3,25.6,13.3,150.1,245.8,14,17,0
_1901,CELJE,1997/08,19.1,25.9,13.3,139.7,258.5,11,15,0
_1901,CELJE,1997/09,15.2,23.1,9,88,260.4,2,5,0
_1901,CELJE,1997/10,8.5,13.9,3.8,53.6,132.3,3,6,0
_1901,CELJE,1997/11,4.8,9,1.1,106.9,69.9,2,15,4
_1901,CELJE,1997/12,2.1,5.2,-0.9,136.7,56,0,15,5
_1901,CELJE,1998/01,2.7,7.8,-1.6,10.6,110,0,8,0
_1901,CELJE,1998/02,3.6,13.1,-3.5,0.7,174.6,0,3,0
_1901,CELJE,1998/03,4.6,10.6,-1.4,42.7,179.5,2,9,4
_1901,CELJE,1998/04,10.9,17,5.4,56.4,180.1,3,18,0
_1901,CELJE,1998/05,14.8,21.1,7.7,60.7,248.5,6,14,0
_1901,CELJE,1998/06,19.6,26,13.3,86.5,241.3,16,17,0
_1901,CELJE,1998/07,20.6,26.7,14.5,231.1,260.6,9,14,0
_1901,CELJE,1998/08,20.2,27.1,13.7,103.6,274.9,12,10,0
_1901,CELJE,1998/09,15,20.7,10.2,166.8,144.5,6,17,0
_1901,CELJE,1998/10,10.7,16.1,6.6,230,112.4,6,18,0
_1901,CELJE,1998/11,2.6,6.9,-0.8,173.3,90.1,2,14,7
_1901,CELJE,1998/12,-3.8,0.8,-7.9,34.5,62,0,9,31
_1901,CELJE,1999/01,0.8,4.7,-2.4,24.7,86.8,0,9,13
_1901,CELJE,1999/02,-0.2,6.2,-6.2,104.6,129.6,2,6,21
_1901,CELJE,1999/03,7.4,12.9,1.9,46.9,150.3,3,12,2
_1901,CELJE,1999/04,11,17,5.4,100.4,173.2,5,18,0
_1901,CELJE,1999/05,15.9,21.8,10,176.2,189.9,13,16,0
_1901,CELJE,1999/06,18.8,24.6,13.1,132.5,235.4,11,14,0
_1901,CELJE,1999/07,20.2,26.2,14.5,189,251.9,12,14,0
_1901,CELJE,1999/08,19.4,25.2,14.2,142.7,213.4,6,13,0
_1901,CELJE,1999/09,16.8,23.8,11.7,83.2,205.3,4,13,0
_1901,CELJE,1999/10,11.2,17.1,7.2,60,133.3,0,11,0
_1901,CELJE,1999/11,2.3,5.7,-0.8,91.5,62.5,0,14,15
_1901,CELJE,1999/12,0,5.1,-4.6,133.2,82.2,0,12,19
_1901,CELJE,2000/01,-3.3,2.4,-8.3,4,124.3,0,6,31