station id, station name, valid,povp. T [°C],povp. max T [°C],povp. min T [°C],količina padavin [mm],trajanje sonca [h],št. dni z nevihto,št. dni s padavinami >0.1mm,št. dni s snežno odejo
_1900,LISCA,2010/01,-4.7,-2.9,-6.1,76.1,53.3,0,18,30
_1900,LISCA,2010/02,-1.3,0.8,-3.5,101.5,72.4,0,11,27
_1900,LISCA,2010/03,1.5,4.7,-0.7,45.5,111.5,2,10,17
_1900,LISCA,2010/04,7.2,11.2,3.7,66.6,195.2,0,15,3
_1900,LISCA,2010/05,10.5,14,8.2,113.1,165.3,2,18,0
_1900,LISCA,2010/06,15.3,18.9,12.2,95.4,257.2,6,15,0
_1900,LISCA,2010/07,18.5,23,15.2,103.1,277.7,7,8,0
_1900,LISCA,2010/08,16.1,20.1,13,127.8,234.3,6,13,0
_1900,LISCA,2010/09,10.7,13.7,8.7,281,128.4,2,16,0
_1900,LISCA,2010/10,5.5,8.1,3.8,74.7,90.8,0,11,2
_1900,LISCA,2010/11,4.8,6.9,3.4,126.5,68.1,0,19,5
_1900,LISCA,2010/12,-2.1,0.5,-4.7,84.4,78,1,17,28
_1900,LISCA,2011/01,-0.8,1.3,-2.7,22.5,86.9,0,6,19
_1900,LISCA,2011/02,-1.2,1.7,-3.6,12.5,116.9,0,5,20
_1900,LISCA,2011/03,3.1,6.4,0.6,39.5,162.1,0,9,8
_1900,LISCA,2011/04,9.7,14,6.4,55.4,217.9,2,7,0
_1900,LISCA,2011/05,12.4,17.2,8.4,87.5,302,4,10,0
_1900,LISCA,2011/06,15.3,19.7,12.3,171.9,243.3,13,17,0
_1900,LISCA,2011/07,16.3,21.2,13,141.4,244.1,10,14,0
_1900,LISCA,2011/08,18.7,23.7,15.2,10.3,313.1,3,6,0
_1900,LISCA,2011/09,15.9,20.8,12.3,83.8,256.6,5,7,0
_1900,LISCA,2011/10,7.3,11.2,4.7,128.7,151.5,1,8,4
_1900,LISCA,2011/11,4,7.6,1.4,0.4,188.5,0,1,0
_1900,LISCA,2011/12,1.5,4.1,-0.5,88,87.7,1,11,18
_1900,LISCA,2012/01,-1.1,1.9,-3.2,15.6,135.5,0,8,10
_1900,LISCA,2012/02,-5.2,-2.6,-7.8,44.3,127,0,11,29
_1900,LISCA,2012/03,6.5,11.3,3.2,1.4,229.7,1,3,0
_1900,LISCA,2012/04,7.2,11.7,3.8,87.2,176.3,1,15,2
_1900,LISCA,2012/05,11.8,16.4,8.6,122.5,255.3,7,14,0
_1900,LISCA,2012/06,16.6,20.7,13.4,147,267.9,7,12,0
_1900,LISCA,2012/07,18.3,22.7,14.7,113.7,294,9,13,0
_1900,LISCA,2012/08,19.6,24.6,15.5,36.8,337.5,3,6,0
_1900,LISCA,2012/09,13.7,17.4,10.6,239.3,160.5,5,7,0
_1900,LISCA,2012/10,8.9,12.4,6.2,216.6,161.9,4,13,4
_1900,LISCA,2012/11,5.4,7.8,3.4,103.7,55.5,1,17,2
_1900,LISCA,2012/12,-0.8,1.3,-2.8,76.4,103.3,0,10,24
_1900,LISCA,2013/01,-0.7,1.9,-3,78.3,57.4,0,12,19
_1900,LISCA,2013/02,-3.1,-1.3,-4.6,131.7,30.2,0,18,28
_1900,LISCA,2013/03,0.1,3,-2.2,126.1,108.3,1,16,27
_1900,LISCA,2013/04,8.2,11.9,5.1,68.2,179.2,2,14,9
_1900,LISCA,2013/05,10.5,14.5,7.9,184.4,155,5,16,0
_1900,LISCA,2013/06,15.1,19,12,50,246.7,1,14,0
_1900,LISCA,2013/07,19,23.4,15.4,32.5,339.9,3,7,0
_1900,LISCA,2013/08,18.4,23.1,15.1,108.8,270.7,5,11,0
_1900,LISCA,2013/09,12.1,15.8,9.6,157,153.4,2,12,0
_1900,LISCA,2013/10,9.5,12.4,7.4,46.3,149.9,0,11,0
_1900,LISCA,2013/11,3.3,5.4,1.3,259.5,53.7,2,15,0
_1900,LISCA,2013/12,2.8,5.3,0.8,25.7,146.4,0,6,2
_1900,LISCA,2014/01,1.9,3.6,0.3,126.3,44.5,0,12,10
_1900,LISCA,2014/02,1.4,3.9,-0.8,146,65,1,18,19
_1900,LISCA,2014/03,6.4,9.9,3.5,10.2,192.8,0,6,2
_1900,LISCA,2014/04,8.6,12,6,125.7,137,6,18,0
_1900,LISCA,2014/05,10.6,14.8,7.4,113.3,231.9,4,17,0
_1900,LISCA,2014/06,15.4,19.5,12.1,116,262.8,7,14,0
_1900,LISCA,2014/07,16.8,20.3,14,120.3,221.6,10,13,0
_1900,LISCA,2014/08,15.3,18.9,12.6,139.6,222.9,5,11,0
_1900,LISCA,2014/09,12.1,15,10,265.8,112.8,3,19,0
_1900,LISCA,2014/10,9.9,13.2,8,110.4,131.8,2,5,0
_1900,LISCA,2014/11,6.1,8.6,4.3,84.7,80.5,0,13,0
_1900,LISCA,2014/12,0.6,2.5,-0.9,66.8,82.5,0,13,8
_1900,LISCA,2015/01,0.5,2.7,-1.8,89.9,46.2,1,11,17
_1900,LISCA,2015/02,-1.4,0.9,-3.1,90,59.9,0,11,28
_1900,LISCA,2015/03,3.3,7.1,0.7,37.1,132,0,7,4
_1900,LISCA,2015/04,7.4,11.8,4.3,39.9,239.3,1,8,3
_1900,LISCA,2015/05,12.4,16.2,9.3,141.7,181.9,2,13,0
_1900,LISCA,2015/06,15.8,19.8,12.6,138.3,277.7,8,10,0
_1900,LISCA,2015/07,19.8,23.8,16.6,115.9,304.4,6,11,0
_1900,LISCA,2015/08,19.1,22.8,16.2,85.1,293.3,4,10,0
_1900,LISCA,2015/09,12.6,15.7,10.4,88.7,153.8,2,12,0
_1900,LISCA,2015/10,7.6,10.2,5.6,209.7,86.6,0,15,0
_1900,LISCA,2015/11,6.9,10.1,4,55.5,147.6,0,3,10
_1900,LISCA,2015/12,4,6.8,1.5,0,161.3,0,0,0
_1900,LISCA,2016/01,0.4,3.2,-2.5,34.4,98.6,1,9,12
_1900,LISCA,2016/02,1.9,4.3,0,147.9,46.4,0,16,15
_1900,LISCA,2016/03,2.5,5.1,0.8,85.4,93.8,0,14,12
_1900,LISCA,2016/04,8.1,12.8,4.8,85.9,198.8,1,8,3
_1900,LISCA,2016/05,10.8,14.3,8.2,151.6,190.5,3,14,0
_1900,LISCA,2016/06,15.6,19.6,12.7,142.5,213.6,3,17,0
_1900,LISCA,2016/07,18.6,23.1,15.1,113.5,269,11,13,2
_1900,LISCA,2016/08,16.2,20.8,13,151.9,263.7,5,11,
_1900,LISCA,2016/09,14.9,19.3,12.5,52.1,233.2,1,8,6
_1900,LISCA,2016/10,6.8,10.2,4.6,109.3,100.6,1,18,0
_1900,LISCA,2016/11,3.5,6.6,1.2,168.5,84.2,1,20,12
_1900,LISCA,2016/12,1.8,5.8,-1.6,1.4,183.2,0,1,20
_1900,LISCA,2017/01,-5.6,-2.6,-8.2,45.2,148.9,0,12,0
_1900,LISCA,2017/02,1.3,4.2,-0.9,66.2,88.2,,13,0
_1900,LISCA,2017/03,6.7,11.9,3.3,32.5,224.6,0,6,0
_1900,LISCA,2017/04,7.4,12.7,3.9,76.7,176.7,0,14,0
_1900,LISCA,2017/05,12.7,17.3,9.2,54.3,252.8,4,14,0
_1900,LISCA,2017/06,17.4,23,13.7,50.9,261.3,6,12,0
_1900,LISCA,2017/07,19.3,25,15.1,44.1,322.3,4,9,0
_1900,LISCA,2017/08,19.8,25.5,15.5,52.6,313.8,4,8,0
_1900,LISCA,2017/09,10.8,15,8.3,331.2,120.4,2,22,0
_1900,LISCA,2017/10,10.1,14.3,7.1,82.4,209.7,2,9,0
_1900,LISCA,2017/11,2.5,5.3,0.9,174.7,73,0,12,9
_1900,LISCA,2017/12,0.3,3.1,-2.3,133.2,109.5,0,13,24
_1900,LISCA,2018/01,2.1,4.6,-0.2,76.2,92,0,15,15
_1900,LISCA,2018/02,-5.2,-2.7,-6.6,142.4,47.7,0,19,21
_1900,LISCA,2018/03,0.1,3.6,-2.5,75.2,79,1,18,18
_1900,LISCA,2018/04,11.6,16.9,7.8,116.5,237.5,2,10,0
_1900,LISCA,2018/05,14.1,18.6,11.2,76.7,217.9,4,12,20
_1900,LISCA,2018/06,16.2,21.2,12.7,129.1,228.3,7,16,7
_1900,LISCA,2018/07,18,22.4,14.4,149.6,243.6,8,19,18
_1900,LISCA,2018/08,19.3,23.9,16.4,96.8,278.7,5,10,20
_1900,LISCA,2018/09,14.5,19.2,11.6,85.2,213.6,3,11,2
_1900,LISCA,2018/10,10.5,14.3,8,58.3,162.7,0,14,0
_1900,LISCA,2018/11,4.1,6.5,2.7,63.1,60.3,0,19,4
_1900,LISCA,2018/12,0.9,3.8,-1.5,17.4,71.4,0,9,6
_1900,LISCA,2019/01,-2.9,-0.2,-4.9,66.3,71.4,0,16,27
_1900,LISCA,2019/02,2.8,7,-0.6,34.7,167.2,0,5,10
_1900,LISCA,2019/03,5.5,10.3,2.2,78.3,197.9,1,7,7
_1900,LISCA,2019/04,7.7,12.1,4.9,83.8,163.3,2,18,0
_1900,LISCA,2019/05,8.3,12.3,5.7,214.2,116.5,2,23,2
_1900,LISCA,2019/06,18.9,23.6,15.5,105.7,317.1,4,10,15
_1900,LISCA,2019/07,18.5,23.7,14.9,115.8,291.3,10,17,17
_1900,LISCA,2019/08,18.6,23,15.2,112.9,243.9,7,10,8
_1900,LISCA,2019/09,13.4,17.3,10.6,131.1,203,3,12,0
_1900,LISCA,2019/10,10.4,14.5,8,65,178.5,1,13,0
_1900,LISCA,2019/11,5.3,8.2,3.4,166.1,49.1,1,22,0
_1900,LISCA,2019/12,1.9,4.9,-0.4,105.3,115.4,1,10,11
_1900,LISCA,2020/01,2.1,5.7,-0.9,5.6,178.1,2,5,21