station id, station name, valid,povp. T [°C],povp. max T [°C],povp. min T [°C],količina padavin [mm],trajanje sonca [h],št. dni z nevihto,št. dni s padavinami >0.1mm,št. dni s snežno odejo
_1922,POSTOJNA,1990/01,0.2,5.6,-4.4,53.6,130.2,0,6,0
_1922,POSTOJNA,1990/02,4.9,11.2,0.1,32,135,1,6,2
_1922,POSTOJNA,1990/03,6.5,14,0.9,87,204.6,1,7,1
_1922,POSTOJNA,1990/04,6.9,11.6,3,193,135.9,0,17,0
_1922,POSTOJNA,1990/05,13,19.8,7.6,102,229.3,0,13,0
_1922,POSTOJNA,1990/06,15.1,21,10,177.9,203.1,2,19,0
_1922,POSTOJNA,1990/07,17.6,24.4,11.9,101.6,310,1,8,0
_1922,POSTOJNA,1990/08,17.3,24.9,11.4,136.5,282,1,7,0
_1922,POSTOJNA,1990/09,12.4,18.5,7.9,200.7,148,4,14,0
_1922,POSTOJNA,1990/10,10.4,16.1,6.4,260.4,126.8,2,17,0
_1922,POSTOJNA,1990/11,5.1,9.2,1.9,216.8,108.6,2,13,0
_1922,POSTOJNA,1990/12,-0.1,2.7,-2.5,115.8,73.7,0,15,12
_1922,POSTOJNA,1991/01,0.2,3.4,-2.2,87.5,110.2,0,8,0
_1922,POSTOJNA,1991/02,-1.5,3.6,-5.7,96.7,131.9,0,7,5
_1922,POSTOJNA,1991/03,6.3,11.4,2.6,65.5,122.4,0,15,2
_1922,POSTOJNA,1991/04,6.9,12.8,2.3,59.9,196.2,0,10,4
_1922,POSTOJNA,1991/05,9.3,14.5,4.7,275.4,175.3,0,18,0
_1922,POSTOJNA,1991/06,15.5,21.5,9.2,221.2,245.3,2,11,0
_1922,POSTOJNA,1991/07,19.5,26.2,13.6,105.6,260.7,4,11,0
_1922,POSTOJNA,1991/08,18.5,25.6,13.1,117.1,288,2,14,0
_1922,POSTOJNA,1991/09,15.4,21.9,10.2,107.4,204.4,3,10,0
_1922,POSTOJNA,1991/10,7.9,12.8,4.7,181.5,149.6,3,10,0
_1922,POSTOJNA,1991/11,4.6,8,1.7,393.3,86.3,0,17,0
_1922,POSTOJNA,1991/12,-1.7,3.2,-5.6,17.9,136.6,0,3,0
_1922,POSTOJNA,1992/01,0.3,4,-2.4,35,92,0,7,7
_1922,POSTOJNA,1992/02,1.6,8.2,-3.5,52.6,123.5,0,5,0
_1922,POSTOJNA,1992/03,4.1,10.2,-0.9,166.4,138.1,0,10,5
_1922,POSTOJNA,1992/04,8.4,13.4,4,140.9,168,2,12,0
_1922,POSTOJNA,1992/05,13.9,19.6,8.1,75.3,240.4,2,9,0
_1922,POSTOJNA,1992/06,16.1,21.3,11.4,121.3,203.5,2,17,0
_1922,POSTOJNA,1992/07,18.4,25.1,12.7,130.3,261,3,12,0
_1922,POSTOJNA,1992/08,20,29.1,13,57.9,306,6,8,0
_1922,POSTOJNA,1992/09,13.5,21.2,8.2,86.8,210.3,1,11,0
_1922,POSTOJNA,1992/10,8.9,13.2,5.4,512.9,89.9,7,25,0
_1922,POSTOJNA,1992/11,6.6,10.8,3.2,141,72.9,0,14,0
_1922,POSTOJNA,1992/12,0.5,3.7,-1.9,153.2,81,0,8,1
_1922,POSTOJNA,1993/01,0.4,4.3,-3,6.6,91.7,0,5,6
_1922,POSTOJNA,1993/02,-0.2,6.1,-5.5,7.4,164.7,0,3,4
_1922,POSTOJNA,1993/03,2.6,9,-2.5,49,163,0,6,5
_1922,POSTOJNA,1993/04,7.9,14.5,2,71.3,172,2,9,0
_1922,POSTOJNA,1993/05,14.3,21.1,7.9,24.7,230.9,2,13,0
_1922,POSTOJNA,1993/06,16.6,22.7,11,147.1,223.1,9,14,0
_1922,POSTOJNA,1993/07,17.1,24.1,10.7,54.2,278.7,2,8,0
_1922,POSTOJNA,1993/08,18.6,26.4,12.5,77,274.3,3,12,0
_1922,POSTOJNA,1993/09,12.9,18.2,9.5,331.9,139.2,2,20,0
_1922,POSTOJNA,1993/10,10.2,13.9,7.8,324.9,116,1,18,0
_1922,POSTOJNA,1993/11,1.5,4,-0.6,160.9,52.3,0,16,13
_1922,POSTOJNA,1993/12,2.4,5.8,-1.2,169.7,50,1,15,12
_1922,POSTOJNA,1994/01,2.7,6.3,-0.5,144.7,102.7,0,13,5
_1922,POSTOJNA,1994/02,1.2,4.7,-1.7,89.3,83.9,0,9,6
_1922,POSTOJNA,1994/03,7.9,14,3,39.4,152.6,0,4,0
_1922,POSTOJNA,1994/04,7.9,12.9,3.1,170.1,159.8,0,16,2
_1922,POSTOJNA,1994/05,12.7,18.4,7.3,180,197.4,2,17,0
_1922,POSTOJNA,1994/06,16.3,22.4,10.4,209.1,225.2,6,12,0
_1922,POSTOJNA,1994/07,20.3,27.4,14.7,63.4,318.8,4,8,0
_1922,POSTOJNA,1994/08,19.5,27.2,13.6,160.2,292.4,4,10,0
_1922,POSTOJNA,1994/09,15,21,10.9,160.1,169.6,3,13,0
_1922,POSTOJNA,1994/10,8.3,13.2,4.8,234.6,165.7,4,8,0
_1922,POSTOJNA,1994/11,7,11.5,4.2,99.4,101.2,0,6,0
_1922,POSTOJNA,1994/12,2.1,5.7,-1.2,113.8,76.8,0,13,9
_1922,POSTOJNA,1995/01,0.1,3.4,-3.4,132.5,98.6,2,13,4
_1922,POSTOJNA,1995/02,3.7,8,-0.2,291,93.2,0,14,1
_1922,POSTOJNA,1995/03,2.7,7.6,-1,205.9,126.6,2,16,6
_1922,POSTOJNA,1995/04,7.9,14.3,1.9,22.3,163.1,0,9,0
_1922,POSTOJNA,1995/05,12.3,17.7,7,136.6,202.3,0,13,0
_1922,POSTOJNA,1995/06,14.3,20.1,9.3,203.7,163.9,5,20,0
_1922,POSTOJNA,1995/07,20.2,26.5,14,59.1,305.4,4,7,0
_1922,POSTOJNA,1995/08,17.1,23.9,12,212.2,223.1,4,16,0
_1922,POSTOJNA,1995/09,12.2,18.3,7.7,232,163.1,1,15,0
_1922,POSTOJNA,1995/10,11.1,17.3,6.7,42.4,194.1,0,5,0
_1922,POSTOJNA,1995/11,4.1,8.4,0.5,109.6,90.5,1,13,0
_1922,POSTOJNA,1995/12,0.4,2.4,-1.3,207,31.2,1,18,15
_1922,POSTOJNA,1996/01,-1.1,1,-2.8,83.7,61.5,0,13,22
_1922,POSTOJNA,1996/02,-1.6,1.5,-4.6,116.6,106.2,0,9,25
_1922,POSTOJNA,1996/03,1.6,6.2,-2.3,12.4,142.6,0,6,2
_1922,POSTOJNA,1996/04,8,13.8,2.2,158.7,166.2,0,12,0
_1922,POSTOJNA,1996/05,13.3,18.4,8.5,167.7,183.5,7,18,0
_1922,POSTOJNA,1996/06,16.7,22.9,10.3,146.5,245.4,6,11,0
_1922,POSTOJNA,1996/07,16.8,22.9,10.8,114.3,266.5,2,13,0
_1922,POSTOJNA,1996/08,17.1,23.5,11.5,80.9,254.8,6,13,0
_1922,POSTOJNA,1996/09,10.8,16.3,6.9,203.6,130.8,4,19,0
_1922,POSTOJNA,1996/10,9.2,13.7,5.7,185.5,115.5,0,14,0
_1922,POSTOJNA,1996/11,6.1,9.7,3.1,218.5,69.6,0,18,8
_1922,POSTOJNA,1996/12,-1.2,2,-3.5,166,59.4,0,15,14
_1922,POSTOJNA,1997/01,-0.7,1.8,-2.8,163.3,80.7,1,11,23
_1922,POSTOJNA,1997/02,3,7.9,-1.2,26,141.8,2,7,0
_1922,POSTOJNA,1997/03,5.6,11.9,-0.1,28.9,217.5,0,8,0
_1922,POSTOJNA,1997/04,5.3,11.5,-0.2,68.5,217.9,0,10,3
_1922,POSTOJNA,1997/05,13.4,19.3,6.9,78,251.2,2,10,0
_1922,POSTOJNA,1997/06,16.6,21.8,11.7,149.7,178.1,7,21,0
_1922,POSTOJNA,1997/07,17.1,23.8,11,153.9,260.7,9,16,0
_1922,POSTOJNA,1997/08,17.8,24.5,12.5,86.7,254.3,8,15,0
_1922,POSTOJNA,1997/09,14.6,21.7,9.2,26.4,261.1,0,3,0
_1922,POSTOJNA,1997/10,8.2,12.7,4.6,143.1,135.1,2,12,1
_1922,POSTOJNA,1997/11,5,8.4,2.4,367.5,71.7,0,18,5
_1922,POSTOJNA,1997/12,2.3,5.2,-0.2,216.4,67.4,0,15,2
_1922,POSTOJNA,1998/01,2.7,5.6,0,34.4,80.5,0,9,0
_1922,POSTOJNA,1998/02,4.1,11.7,-2.1,1.9,173.4,0,3,0
_1922,POSTOJNA,1998/03,3.6,9.8,-1.9,33.3,224.3,2,6,0
_1922,POSTOJNA,1998/04,8.7,13.1,4.8,282,136.5,2,18,0
_1922,POSTOJNA,1998/05,13.2,19.2,7.2,62.7,236.2,2,15,0
_1922,POSTOJNA,1998/06,17.5,23.3,11.9,106,240.3,7,13,0
_1922,POSTOJNA,1998/07,19.2,25.1,12.9,150.4,263.6,5,11,0
_1922,POSTOJNA,1998/08,19.5,26.6,13.5,150,288.1,2,8,0
_1922,POSTOJNA,1998/09,13.6,19,9.1,172,157.7,2,13,0
_1922,POSTOJNA,1998/10,9.8,15,5.8,287.9,130.7,2,20,0
_1922,POSTOJNA,1998/11,2.3,5.6,-0.4,183.1,101.3,0,11,4
_1922,POSTOJNA,1998/12,-3.1,1.7,-7.3,32.5,72,0,6,29
_1922,POSTOJNA,1999/01,0.8,5.3,-2.9,58.2,106.2,0,10,4
_1922,POSTOJNA,1999/02,-0.3,4.4,-5.2,119.9,111.4,1,9,14
_1922,POSTOJNA,1999/03,5.8,10,1.7,94.1,125.4,0,11,1
_1922,POSTOJNA,1999/04,8.6,13.8,4.3,286.5,137.7,5,18,0
_1922,POSTOJNA,1999/05,14.2,19.6,8.7,95.1,204,3,10,0
_1922,POSTOJNA,1999/06,16.8,22.6,11.1,138.4,237.4,3,16,0
_1922,POSTOJNA,1999/07,18.7,24.4,13,106.8,250,2,13,0
_1922,POSTOJNA,1999/08,18.2,23.8,13.4,68,221,1,9,0
_1922,POSTOJNA,1999/09,15.7,21.9,10.6,139.4,207,3,8,0
_1922,POSTOJNA,1999/10,9.7,15.2,5.6,98.3,151.8,1,10,0
_1922,POSTOJNA,1999/11,2.1,6.1,-1.2,103.2,80.5,0,12,14
_1922,POSTOJNA,1999/12,0.9,4.1,-2.7,200.8,63.3,0,14,17
_1922,POSTOJNA,2000/01,-2,2.4,-6.3,4.2,121.1,0,1,29