station id, station name, valid,povp. T [°C],povp. max T [°C],povp. min T [°C],količina padavin [mm],trajanje sonca [h],št. dni z nevihto,št. dni s padavinami >0.1mm,št. dni s snežno odejo
_1923,BILJE,2000/01,0.6,7.1,-4.1,2.4,145.9,0,2,2
_1923,BILJE,2000/02,4.3,10.8,-0.9,11,131.2,1,7,0
_1923,BILJE,2000/03,7.8,13.6,3.4,137.7,146.7,1,8,0
_1923,BILJE,2000/04,13.4,19.3,8.4,80.6,149.2,5,14,0
_1923,BILJE,2000/05,17.4,23.9,11.7,151.2,230.8,7,16,0
_1923,BILJE,2000/06,21.8,28.3,14.9,78.1,320.9,6,6,0
_1923,BILJE,2000/07,20.3,26.7,14.6,147.3,267.7,13,17,0
_1923,BILJE,2000/08,22.8,30.7,16,27.5,307.8,2,6,0
_1923,BILJE,2000/09,17.6,24.9,12,150.3,212.1,7,12,0
_1923,BILJE,2000/10,14.6,19.6,10.7,161.7,87.8,3,17,0
_1923,BILJE,2000/11,10.5,14.7,7.4,559.1,49,8,23,0
_1923,BILJE,2000/12,6.7,10.1,3.9,140.3,58.8,2,16,0
_1923,BILJE,2001/01,5.9,8.6,3.3,212.9,57.7,2,21,0
_1923,BILJE,2001/02,5.8,11.5,1,7.1,137.7,1,5,1
_1923,BILJE,2001/03,10.1,14.3,6.6,210.1,87.5,1,20,0
_1923,BILJE,2001/04,11,16.8,5.5,89.9,199.2,4,14,0
_1923,BILJE,2001/05,18.8,24.8,12.6,63.8,253.8,7,8,0
_1923,BILJE,2001/06,19.3,25.8,12.5,90.9,270.8,8,11,0
_1923,BILJE,2001/07,22.4,28.9,16.5,115.1,291.6,9,14,0
_1923,BILJE,2001/08,23.8,31.4,17.1,9.1,328.8,6,4,0
_1923,BILJE,2001/09,15.3,21,11.2,282,148.2,6,17,0
_1923,BILJE,2001/10,15,21.2,11,62.6,163,1,10,0
_1923,BILJE,2001/11,6.6,12.6,2,43.6,131.8,2,10,0
_1923,BILJE,2001/12,1.6,6.8,-3.3,23.8,149.9,0,5,0
_1923,BILJE,2002/01,1.5,7.9,-3,30,130.2,0,7,1
_1923,BILJE,2002/02,5.7,9.8,2.6,80.1,63.5,0,16,0
_1923,BILJE,2002/03,10,16.6,4.2,9.9,226.5,0,6,0
_1923,BILJE,2002/04,12.3,17.6,7.5,84.5,182.2,3,15,0
_1923,BILJE,2002/05,17,22.7,11.8,109.5,218.8,5,16,0
_1923,BILJE,2002/06,22,28.2,15.6,120.4,287,5,9,0
_1923,BILJE,2002/07,22.7,29.1,17,61.7,293,9,10,0
_1923,BILJE,2002/08,21.1,27.5,16.6,341.9,248.5,14,17,0
_1923,BILJE,2002/09,16.4,22.9,12.1,118.4,189.4,6,15,0
_1923,BILJE,2002/10,13.1,18.7,8.9,156.2,129.2,3,15,0
_1923,BILJE,2002/11,11.2,15.8,7.6,214.7,77.9,1,20,0
_1923,BILJE,2002/12,6.1,8.7,3.7,38.1,62.1,0,12,0
_1923,BILJE,2003/01,2.6,8.1,-1.2,70.3,110.6,2,8,0
_1923,BILJE,2003/02,1.8,8.4,-3.5,33.4,222.3,0,2,0
_1923,BILJE,2003/03,8,15.7,1.3,1.2,227,0,1,0
_1923,BILJE,2003/04,11.1,16.9,5.3,89,203.7,0,10,0
_1923,BILJE,2003/05,18.8,26,10.9,32.7,302,3,7,0
_1923,BILJE,2003/06,24.5,31.9,17.4,35.5,305,13,13,0
_1923,BILJE,2003/07,24.2,31.3,17.2,35.2,316.2,7,9,0
_1923,BILJE,2003/08,25.7,33.7,18.5,91.4,327.6,10,8,0
_1923,BILJE,2003/09,16.8,24.5,10.7,72.8,230.6,2,11,0
_1923,BILJE,2003/10,11,15.8,7.3,161.1,140.3,4,12,0
_1923,BILJE,2003/11,9.9,13.9,7,213.6,98.5,1,15,0
_1923,BILJE,2003/12,4.9,9.7,1.1,150.1,97.5,0,8,0
_1923,BILJE,2004/01,2,6.3,-2,67.4,111.8,0,9,1
_1923,BILJE,2004/02,3.5,8.1,-0.1,136.6,78.9,1,11,1
_1923,BILJE,2004/03,7.4,12.6,3.3,38.3,169,0,9,0
_1923,BILJE,2004/04,12.3,17.5,7.9,81,133.4,3,14,0
_1923,BILJE,2004/05,14.7,20.7,9.1,145.4,227,7,17,0
_1923,BILJE,2004/06,20.4,26.3,14.2,142.1,237.7,8,11,0
_1923,BILJE,2004/07,22.5,28.9,15.4,29.4,310.6,6,7,0
_1923,BILJE,2004/08,22,29.1,16.1,120.2,286.3,11,12,0
_1923,BILJE,2004/09,18.1,24.5,12.3,101.2,228.3,4,8,0
_1923,BILJE,2004/10,14.8,18.8,11.7,310.2,64.3,7,20,0
_1923,BILJE,2004/11,7.8,13.9,3.6,100.8,131,1,6,0
_1923,BILJE,2004/12,4.9,10.5,0.2,152.9,132.6,0,11,0
_1923,BILJE,2005/01,1.9,7.7,-2.3,16.9,119.6,0,3,1
_1923,BILJE,2005/02,2.3,7.7,-2.7,11.4,143.8,0,4,3
_1923,BILJE,2005/03,6.6,12.8,0.7,79.4,162,2,10,2
_1923,BILJE,2005/04,11.3,16.9,6,149.1,196.5,3,10,0
_1923,BILJE,2005/05,17.3,23.6,10.8,64.1,277.5,4,13,0
_1923,BILJE,2005/06,21.3,27.7,14.6,53.7,277.3,6,13,0
_1923,BILJE,2005/07,22.4,28.8,16.3,103.1,288.1,7,11,0
_1923,BILJE,2005/08,20.1,26.1,15,206.5,207.4,9,19,0
_1923,BILJE,2005/09,17.8,24.2,13,186.6,190.2,8,13,0
_1923,BILJE,2005/10,13.3,18.1,9.4,60.2,128.1,0,14,0
_1923,BILJE,2005/11,7.4,12.4,3.7,150.1,105.2,0,12,1
_1923,BILJE,2005/12,2.8,7.3,-0.8,126,88.5,2,10,5
_1923,BILJE,2006/01,1.7,6.3,-2.6,76.1,147.6,0,7,8
_1923,BILJE,2006/02,3.4,8.6,-0.8,80.2,137.5,2,10,0
_1923,BILJE,2006/03,6.4,11.2,1.8,124.9,134,1,11,0
_1923,BILJE,2006/04,12.1,18.2,6.5,53.8,173.3,4,15,0
_1923,BILJE,2006/05,16.2,22.3,10.5,104.1,228.7,6,12,0
_1923,BILJE,2006/06,21.2,28,13.3,18.2,307.3,1,6,0
_1923,BILJE,2006/07,25.4,33.3,17.7,14.3,324,13,10,0
_1923,BILJE,2006/08,19.1,25,14.5,204.7,177.9,13,24,0
_1923,BILJE,2006/09,18.9,25.9,12.8,33.9,246,0,6,0
_1923,BILJE,2006/10,15,21.3,9.6,18.1,172.4,0,7,0
_1923,BILJE,2006/11,9.1,14.5,4.8,94.9,82.8,1,10,0
_1923,BILJE,2006/12,5.9,10.5,2.1,80.8,104.4,1,13,0
_1923,BILJE,2007/01,6.1,10,3,73.5,52.4,2,18,0
_1923,BILJE,2007/02,6.9,12.5,2.3,136,110.4,0,11,0
_1923,BILJE,2007/03,10.3,15.9,5.1,60.6,163.6,1,10,0
_1923,BILJE,2007/04,15,23,7.4,4.3,309.6,1,4,0
_1923,BILJE,2007/05,18.5,25.2,11.9,98.8,256,11,10,0
_1923,BILJE,2007/06,21.8,27.7,16.1,59.2,229.6,9,13,0
_1923,BILJE,2007/07,22.9,30.2,15.4,89.9,347.3,5,7,0
_1923,BILJE,2007/08,21.6,28.2,16,84.2,253.3,6,13,0
_1923,BILJE,2007/09,15.7,22.9,10.4,208.3,226.1,8,14,0
_1923,BILJE,2007/10,12.1,18.4,7.2,84.7,179.8,1,11,0
_1923,BILJE,2007/11,6.9,12.8,2.1,28,137.6,0,10,0
_1923,BILJE,2007/12,3.2,9.2,-1,36.6,126.4,0,8,0
_1923,BILJE,2008/01,5.3,9.8,1.6,121.2,76.6,0,14,2
_1923,BILJE,2008/02,4.9,10.4,0.2,44.7,147.3,0,9,0
_1923,BILJE,2008/03,7.7,12.9,3.5,106.5,113.6,2,20,0
_1923,BILJE,2008/04,11.7,17.3,6.7,150.6,160.7,8,20,0
_1923,BILJE,2008/05,17.6,23.6,11.9,90.6,244.8,7,15,0
_1923,BILJE,2008/06,21.2,27.1,16.1,89.3,229.9,6,15,0
_1923,BILJE,2008/07,22.5,28.9,16.6,245.3,292.7,13,15,0
_1923,BILJE,2008/08,22.3,29.3,16.3,72.9,323.8,7,4,0
_1923,BILJE,2008/09,16.5,23.3,11.4,70.6,199.3,4,7,0
_1923,BILJE,2008/10,13.4,20.1,8.4,124.1,150.5,3,11,0
_1923,BILJE,2008/11,8.5,13.3,5,193.7,94.9,5,15,0
_1923,BILJE,2008/12,4.8,9.7,1.4,291.4,102.1,1,15,0
_1923,BILJE,2009/01,3.6,8.1,-0.5,86.5,115.5,0,13,0
_1923,BILJE,2009/02,3.8,9.7,-0.6,100,130.2,1,10,0
_1923,BILJE,2009/03,7.8,14.1,2.4,248.9,166.5,0,11,0
_1923,BILJE,2009/04,14,20.5,8.6,77,195.1,1,14,0
_1923,BILJE,2009/05,18.7,25.7,11.8,25.6,284.4,7,8,0
_1923,BILJE,2009/06,20.5,26,14.7,80.2,213.7,11,16,0
_1923,BILJE,2009/07,22.7,29.2,16.6,122.8,301.4,11,12,0
_1923,BILJE,2009/08,23.8,31.1,17.5,82.4,325.6,5,7,0
_1923,BILJE,2009/09,19.5,26.3,13.8,65.2,221.3,4,8,0
_1923,BILJE,2009/10,12.5,19,7.7,117.3,183.2,3,9,0
_1923,BILJE,2009/11,9.6,12.8,6.8,112.6,36.6,2,16,0
_1923,BILJE,2009/12,4.4,8.4,0.5,291.3,76.9,0,15,4
_1923,BILJE,2010/01,2,6.1,-1.2,78.3,93.1,0,14,5