station id, station name, valid,povp. T [°C],povp. max T [°C],povp. min T [°C],količina padavin [mm],trajanje sonca [h],št. dni z nevihto,št. dni s padavinami >0.1mm,št. dni s snežno odejo
_1922,POSTOJNA,2000/01,-2,2.4,-6.3,4.2,121.1,0,1,29
_1922,POSTOJNA,2000/02,2.7,8.1,-2.2,41,140.2,1,4,5
_1922,POSTOJNA,2000/03,5.1,10.3,0.6,149,156,0,12,0
_1922,POSTOJNA,2000/04,10.4,16.2,5.1,102.1,159.6,3,18,0
_1922,POSTOJNA,2000/05,14.2,20.5,7.6,96.9,234.3,4,14,0
_1922,POSTOJNA,2000/06,17.8,24.7,10.5,74.9,300.8,6,8,0
_1922,POSTOJNA,2000/07,16.9,23.2,11,158.7,267.1,2,16,0
_1922,POSTOJNA,2000/08,19.1,27.1,11.7,24.3,295.2,3,9,0
_1922,POSTOJNA,2000/09,14.2,20.8,8.8,138.7,217.4,6,11,0
_1922,POSTOJNA,2000/10,11.8,15.6,8.9,192.5,102.1,0,16,0
_1922,POSTOJNA,2000/11,7.6,11.1,4.7,455.2,46.5,4,23,0
_1922,POSTOJNA,2000/12,4.3,7,1.8,153.8,48,1,13,2
_1922,POSTOJNA,2001/01,2.5,4.1,0.6,280.2,33.6,1,23,9
_1922,POSTOJNA,2001/02,2.8,7.4,-1.3,26.4,116.4,0,8,5
_1922,POSTOJNA,2001/03,7.3,10.7,4.4,273.5,86.2,0,21,4
_1922,POSTOJNA,2001/04,7.4,13.3,2.3,82.8,198.7,1,12,0
_1922,POSTOJNA,2001/05,15.4,21.1,9.2,52,241.6,3,11,0
_1922,POSTOJNA,2001/06,15.9,22.1,8.8,111.4,240.2,1,10,0
_1922,POSTOJNA,2001/07,18.9,25.4,12.3,159.8,264.5,4,15,0
_1922,POSTOJNA,2001/08,20.1,27.4,12.7,14.9,301.7,2,5,0
_1922,POSTOJNA,2001/09,11.6,17.2,7.4,382,121.7,3,19,0
_1922,POSTOJNA,2001/10,12.8,17.8,9.2,53.5,144.3,1,11,0
_1922,POSTOJNA,2001/11,3.3,7.8,-0.5,76.7,110.9,0,13,1
_1922,POSTOJNA,2001/12,-2.1,1.4,-5.6,51.1,107.6,0,7,14
_1922,POSTOJNA,2002/01,-0.1,3.5,-3.6,22.3,104.7,0,3,7
_1922,POSTOJNA,2002/02,3.7,8.2,-0.3,99.5,81.6,0,12,3
_1922,POSTOJNA,2002/03,7.1,13.2,1.7,30.5,192.5,1,7,0
_1922,POSTOJNA,2002/04,7.9,12.8,4,159.6,139.5,0,18,1
_1922,POSTOJNA,2002/05,13.7,19.7,8.5,161.8,178.4,4,16,0
_1922,POSTOJNA,2002/06,18.3,24.4,11.9,110,262.3,4,10,0
_1922,POSTOJNA,2002/07,19.1,25.3,13.6,81.9,264.4,6,12,0
_1922,POSTOJNA,2002/08,17.8,24.1,13.6,201.3,212.1,4,17,0
_1922,POSTOJNA,2002/09,12.7,18.5,9.2,151,163.5,3,14,0
_1922,POSTOJNA,2002/10,10.2,14.8,6.6,213.5,121.6,3,16,0
_1922,POSTOJNA,2002/11,8.8,11.9,6.1,247.2,67.4,1,20,0
_1922,POSTOJNA,2002/12,1.4,3.1,-0.3,66.5,33.3,0,17,4
_1922,POSTOJNA,2003/01,-1,2.9,-4.6,102.9,97.7,0,12,18
_1922,POSTOJNA,2003/02,-2.4,2.4,-6.3,68.6,150.5,0,3,20
_1922,POSTOJNA,2003/03,5,12,-1.3,2.2,220.5,0,2,0
_1922,POSTOJNA,2003/04,7.8,13,2.9,111.8,188.1,0,11,1
_1922,POSTOJNA,2003/05,15.1,22.6,7.6,34.8,249.9,2,6,0
_1922,POSTOJNA,2003/06,20.6,28,14.1,86,249.4,10,14,0
_1922,POSTOJNA,2003/07,20.2,27.3,13.3,35,270.1,7,10,0
_1922,POSTOJNA,2003/08,21.6,30.2,14.6,73.5,284,6,8,0
_1922,POSTOJNA,2003/09,13.1,20.7,6.9,85.3,210.3,0,10,0
_1922,POSTOJNA,2003/10,7.7,12,4.1,155.7,117.6,1,13,3
_1922,POSTOJNA,2003/11,7,9.8,4.5,202.2,54.5,1,14,0
_1922,POSTOJNA,2003/12,1.7,5.9,-1.8,152.3,87.6,0,9,2
_1922,POSTOJNA,2004/01,-1.3,2.4,-5.2,106,80,0,13,14
_1922,POSTOJNA,2004/02,0.5,5.5,-3.3,128.6,88.2,1,12,18
_1922,POSTOJNA,2004/03,3,8,-1.3,61.9,158.8,0,11,16
_1922,POSTOJNA,2004/04,8.5,13.2,4.4,158.7,99.8,3,19,1
_1922,POSTOJNA,2004/05,11.5,17.3,5.7,209.8,206.9,3,14,0
_1922,POSTOJNA,2004/06,16.5,22.6,11,170.2,207,3,12,0
_1922,POSTOJNA,2004/07,18.4,24.9,12.1,46.1,264.6,2,7,0
_1922,POSTOJNA,2004/08,18.3,25.6,12.4,67.1,262.4,9,9,0
_1922,POSTOJNA,2004/09,14.2,20.1,10.3,181.6,205.2,0,8,0
_1922,POSTOJNA,2004/10,12,15.5,9.1,291.6,57.9,5,18,0
_1922,POSTOJNA,2004/11,5.2,9.1,1.9,78.3,105.8,0,9,0
_1922,POSTOJNA,2004/12,1,4.1,-1.6,175.1,98.1,0,12,0
_1922,POSTOJNA,2005/01,-0.7,4.5,-4.8,10.9,124.2,0,5,10
_1922,POSTOJNA,2005/02,-1.8,2.3,-5,30.4,118.3,0,10,10
_1922,POSTOJNA,2005/03,3.3,9.2,-2.1,55.1,160.2,1,9,15
_1922,POSTOJNA,2005/04,8,13.5,3.3,186.8,173.4,0,14,0
_1922,POSTOJNA,2005/05,14.3,20.2,7.8,128.9,239.6,2,14,0
_1922,POSTOJNA,2005/06,17.9,23.7,11.2,55.9,213,4,12,0
_1922,POSTOJNA,2005/07,19.6,25,12.8,101.1,252.8,3,14,0
_1922,POSTOJNA,2005/08,16.8,21.9,12.3,207.3,183.7,3,20,0
_1922,POSTOJNA,2005/09,14.6,20.1,11.1,161.8,172,2,13,0
_1922,POSTOJNA,2005/10,10.5,14.5,7.5,64.5,120,0,14,0
_1922,POSTOJNA,2005/11,4.2,7.8,1.3,151.9,83.9,0,12,6
_1922,POSTOJNA,2005/12,-0.3,3,-3.4,94.5,57.9,0,12,6
_1922,POSTOJNA,2006/01,-2.1,0.7,-4.5,83.6,102.8,0,10,31
_1922,POSTOJNA,2006/02,-0.4,4,-4.2,86.5,113.9,0,14,22
_1922,POSTOJNA,2006/03,2.8,6.8,-1.3,169.1,122.4,0,13,8
_1922,POSTOJNA,2006/04,9.1,14.9,3.6,132.3,156,1,18,0
_1922,POSTOJNA,2006/05,13.4,19.2,6.8,193.9,212.9,2,10,0
_1922,POSTOJNA,2006/06,18.2,24.3,10.6,27.6,262.4,3,8,0
_1922,POSTOJNA,2006/07,22.4,29.1,15.1,50.7,274.5,6,11,0
_1922,POSTOJNA,2006/08,15.9,21.2,11.4,223.7,176.9,5,19,0
_1922,POSTOJNA,2006/09,15.9,22.4,10.8,62.6,231.9,0,6,0
_1922,POSTOJNA,2006/10,12.5,17.5,8.9,14.1,149.6,0,6,0
_1922,POSTOJNA,2006/11,7.3,11.2,3.8,70.1,57.6,0,10,0
_1922,POSTOJNA,2006/12,3.7,7,0.7,79.8,80.6,0,12,0
_1922,POSTOJNA,2007/01,3.7,7.5,0.3,94.8,50.9,1,15,4
_1922,POSTOJNA,2007/02,4.9,9.4,0.9,203.9,83.2,0,13,0
_1922,POSTOJNA,2007/03,6.8,11.2,3,93.8,130.2,0,13,4
_1922,POSTOJNA,2007/04,12.2,19.7,4.6,0.5,275.4,0,2,0
_1922,POSTOJNA,2007/05,15,21.3,9,107.8,228.5,4,13,0
_1922,POSTOJNA,2007/06,18.6,24,13.5,73.5,197.2,5,15,0
_1922,POSTOJNA,2007/07,19.4,27.2,10.9,77.7,301,5,7,0
_1922,POSTOJNA,2007/08,18.2,24.3,12.5,115.6,223.5,3,13,0
_1922,POSTOJNA,2007/09,12.5,18.9,7.3,274,194.1,5,12,0
_1922,POSTOJNA,2007/10,8.6,13.6,5.1,149,142.8,0,13,0
_1922,POSTOJNA,2007/11,3.9,8.2,0.4,41.3,115.9,0,10,2
_1922,POSTOJNA,2007/12,-0.2,3.5,-3.4,45.6,84,0,11,8
_1922,POSTOJNA,2008/01,3,6.6,-0.2,104.4,72,0,12,0
_1922,POSTOJNA,2008/02,2.6,8.2,-2.1,41.6,143.9,0,5,0
_1922,POSTOJNA,2008/03,4,8.7,0.3,153.5,99.8,1,20,10
_1922,POSTOJNA,2008/04,8.3,13.5,4.1,164.3,131.6,3,19,0
_1922,POSTOJNA,2008/05,14.4,20,8.7,102.1,197.4,2,15,0
_1922,POSTOJNA,2008/06,18.3,23.7,13.2,105.3,190.4,4,14,0
_1922,POSTOJNA,2008/07,19.4,25.7,13.3,103,240.1,6,17,0
_1922,POSTOJNA,2008/08,18.9,25.8,13.7,130.8,291.5,6,8,0
_1922,POSTOJNA,2008/09,13.2,19.1,9.4,98.7,174.4,3,9,0
_1922,POSTOJNA,2008/10,10.9,16.3,6.6,101.3,130.8,1,12,0
_1922,POSTOJNA,2008/11,5.8,9.5,3,122.7,89,0,14,0
_1922,POSTOJNA,2008/12,1.4,4.6,-1,297.6,65.2,1,16,0
_1922,POSTOJNA,2009/01,-1.3,1.3,-3.4,80.6,95.8,0,14,21
_1922,POSTOJNA,2009/02,1.2,5.7,-2.5,106.9,111.2,0,9,4
_1922,POSTOJNA,2009/03,4.7,10.1,-0.1,208.8,134.1,2,13,0
_1922,POSTOJNA,2009/04,10.8,16.6,5.2,99,169.7,1,18,0
_1922,POSTOJNA,2009/05,15.8,23,8.2,38.6,273.1,1,10,0
_1922,POSTOJNA,2009/06,17.1,22.9,11.2,94,200.2,4,15,0
_1922,POSTOJNA,2009/07,19.4,25.9,13,144.1,269.7,4,13,0
_1922,POSTOJNA,2009/08,20.4,27.8,14,47.5,291.4,4,6,0
_1922,POSTOJNA,2009/09,16.4,22.8,10.9,47.2,215.1,1,5,0
_1922,POSTOJNA,2009/10,9.8,15.2,5.4,133.7,162.3,2,10,0
_1922,POSTOJNA,2009/11,7.2,10,4.3,148.1,42.1,1,18,1
_1922,POSTOJNA,2009/12,1.8,4.5,-1.7,433.9,49,2,21,9
_1922,POSTOJNA,2010/01,-2.3,0.6,-5,113.3,58.7,0,15,29