station id, station name, valid,povp. T [°C],povp. max T [°C],povp. min T [°C],količina padavin [mm],trajanje sonca [h],št. dni z nevihto,št. dni s padavinami >0.1mm,št. dni s snežno odejo
_1890,KREDARICA,1990/01,-4.3,-1.6,-6.8,135.3,165.4,2,7,31
_1890,KREDARICA,1990/02,-2.9,0.5,-6.4,46.7,161.3,1,9,28
_1890,KREDARICA,1990/03,-3.1,-0.5,-5.9,116,167.4,2,10,31
_1890,KREDARICA,1990/04,-5.1,-2.4,-7.5,162.6,117.5,2,21,30
_1890,KREDARICA,1990/05,1.1,3.6,-1.1,115.1,187.5,9,19,31
_1890,KREDARICA,1990/06,3.6,5.9,1.3,287.5,155.3,7,17,26
_1890,KREDARICA,1990/07,6.4,9.8,3.3,180.7,246.6,9,11,0
_1890,KREDARICA,1990/08,6.7,9.6,4.1,218.9,219.8,6,10,0
_1890,KREDARICA,1990/09,2.2,4.7,-0.5,244.2,118.9,9,16,8
_1890,KREDARICA,1990/10,2.5,5.1,0,325.6,150.4,4,14,16
_1890,KREDARICA,1990/11,-4.9,-2.1,-7.1,527.2,113.6,6,18,30
_1890,KREDARICA,1990/12,-9.7,-7,-12.5,185.5,72.9,1,17,31
_1890,KREDARICA,1991/01,-6.3,-3.1,-9.4,79.5,158.3,0,9,31
_1890,KREDARICA,1991/02,-10,-7,-12.8,139.1,148.9,0,9,28
_1890,KREDARICA,1991/03,-4,-1.3,-6.1,128.2,96.3,2,18,31
_1890,KREDARICA,1991/04,-6.1,-3.2,-8.5,100.6,110.4,3,23,30
_1890,KREDARICA,1991/05,-3.7,-1.2,-6.1,217.8,138.7,5,16,31
_1890,KREDARICA,1991/06,3.3,5.5,1,216.2,172.1,7,16,30
_1890,KREDARICA,1991/07,7.3,10.2,4.5,319.4,208,13,16,8
_1890,KREDARICA,1991/08,7.1,10.2,4.5,165.3,219,8,14,0
_1890,KREDARICA,1991/09,5.3,8.2,2.6,197.2,168.7,5,13,3
_1890,KREDARICA,1991/10,-1.1,1.8,-3.5,292.2,171.5,0,12,20
_1890,KREDARICA,1991/11,-3.9,-1.1,-6.6,262.4,98.8,1,15,30
_1890,KREDARICA,1991/12,-7.5,-4,-10.9,30.3,151.6,0,8,31
_1890,KREDARICA,1992/01,-4.8,-2.2,-7.6,37.6,128.9,0,9,31
_1890,KREDARICA,1992/02,-6.7,-4,-9.5,18,140.3,0,5,29
_1890,KREDARICA,1992/03,-6.2,-3.5,-8.7,183.6,123.7,2,19,31
_1890,KREDARICA,1992/04,-3.9,-1.3,-6.5,236.4,139.8,4,14,30
_1890,KREDARICA,1992/05,1.2,3.5,-1,71,169.8,3,15,31
_1890,KREDARICA,1992/06,3.2,5.3,1.2,211,123.8,4,17,24
_1890,KREDARICA,1992/07,7.5,10,5.1,251.4,197.6,6,17,0
_1890,KREDARICA,1992/08,10.3,13.2,8,60.8,249.8,7,9,0
_1890,KREDARICA,1992/09,4.4,7.6,1.7,213.7,185.4,3,10,6
_1890,KREDARICA,1992/10,-1.2,1.3,-3.7,371.4,83.9,5,22,30
_1890,KREDARICA,1992/11,-1.5,1.5,-4.1,274.2,122.4,2,11,30
_1890,KREDARICA,1992/12,-5.1,-2.1,-7.9,137.3,123.4,1,9,31
_1890,KREDARICA,1993/01,-4.4,-1.7,-7.5,1.3,136.1,0,2,31
_1890,KREDARICA,1993/02,-7.4,-4.6,-10,2.6,163.9,0,5,28
_1890,KREDARICA,1993/03,-7.9,-4.9,-10.6,42.7,145.7,0,8,31
_1890,KREDARICA,1993/04,-3.3,-0.9,-5.1,64.8,149,2,15,30
_1890,KREDARICA,1993/05,1.8,3.8,0,104.2,142.8,9,18,31
_1890,KREDARICA,1993/06,4.3,7.2,1.9,215.5,186,12,19,16
_1890,KREDARICA,1993/07,5.6,8.8,2.9,215.9,206,9,11,5
_1890,KREDARICA,1993/08,7.1,10.2,4.8,152.1,206.3,9,14,0
_1890,KREDARICA,1993/09,2.3,4,0.3,302,89.7,7,20,9
_1890,KREDARICA,1993/10,0.5,2.5,-1.5,548.4,87.9,11,21,25
_1890,KREDARICA,1993/11,-6,-3.5,-8.1,72.1,68.7,0,16,30
_1890,KREDARICA,1993/12,-5.6,-2.6,-8.2,79.9,108.2,3,12,31
_1890,KREDARICA,1994/01,-6.5,-3.6,-9.4,195,120.5,0,14,31
_1890,KREDARICA,1994/02,-8.9,-6.3,-11.4,40.2,109.4,0,11,28
_1890,KREDARICA,1994/03,-2.6,-0.1,-4.9,44.8,163.6,0,7,31
_1890,KREDARICA,1994/04,-5.1,-2.5,-6.9,156,115.6,1,19,30
_1890,KREDARICA,1994/05,0.9,3.2,-1.3,200.1,168.3,3,17,31
_1890,KREDARICA,1994/06,4.7,7.3,2.4,150.7,209.8,8,12,26
_1890,KREDARICA,1994/07,8,10.7,5.9,155,204,9,19,0
_1890,KREDARICA,1994/08,8.6,11.2,6.4,225.4,194.5,14,17,0
_1890,KREDARICA,1994/09,4.4,6.7,2.2,275.9,124.4,5,15,7
_1890,KREDARICA,1994/10,-0.2,2.4,-2.7,163.9,158.8,3,11,21
_1890,KREDARICA,1994/11,-0.9,1.2,-2.8,82,97.8,0,10,30
_1890,KREDARICA,1994/12,-4.1,-1.3,-6.8,80.4,120.1,0,12,31
_1890,KREDARICA,1995/01,-9.8,-6.5,-13,72.1,114.1,1,14,31
_1890,KREDARICA,1995/02,-4.6,-1.7,-7.6,161,106.3,2,14,28
_1890,KREDARICA,1995/03,-8.4,-5.1,-11.1,170.2,120.4,3,18,31
_1890,KREDARICA,1995/04,-3.4,-1,-6,63,167.2,1,15,30
_1890,KREDARICA,1995/05,0.4,2.9,-1.6,104,179.6,5,17,31
_1890,KREDARICA,1995/06,2.5,4.9,0.5,180.9,113.7,3,24,30
_1890,KREDARICA,1995/07,8.6,11.3,6.3,130.2,202.5,8,14,0
_1890,KREDARICA,1995/08,5.2,7.7,3.3,184.4,126.8,8,22,4
_1890,KREDARICA,1995/09,1,3.7,-1,325.4,109,5,17,13
_1890,KREDARICA,1995/10,4.6,7.6,2.5,0,218.2,0,0,2
_1890,KREDARICA,1995/11,-6,-3.1,-8.2,132.9,103.2,3,14,17
_1890,KREDARICA,1995/12,-7.3,-4.4,-9.6,155.6,67.8,1,21,31
_1890,KREDARICA,1996/01,-6,-3.5,-8.2,77.3,129.8,0,11,31
_1890,KREDARICA,1996/02,-10.3,-7.4,-12.8,104.1,153.6,1,13,29
_1890,KREDARICA,1996/03,-9.4,-6.5,-11.9,40.8,153.2,0,14,31
_1890,KREDARICA,1996/04,-2.9,-0.7,-5.2,111,160.2,0,17,30
_1890,KREDARICA,1996/05,1.1,3.1,-1.1,196.6,137.4,8,21,31
_1890,KREDARICA,1996/06,5.1,7.6,3,329,226.3,10,15,17
_1890,KREDARICA,1996/07,5.1,7.9,2.8,233.2,180.9,3,15,0
_1890,KREDARICA,1996/08,5.3,7.8,3.5,221.8,114.2,11,17,0
_1890,KREDARICA,1996/09,-0.8,1.2,-2.6,155.2,100.7,3,20,16
_1890,KREDARICA,1996/10,-0.6,1.4,-2.6,256.2,93.2,1,17,31
_1890,KREDARICA,1996/11,-3.8,-0.9,-5.7,172.3,76.2,4,21,30
_1890,KREDARICA,1996/12,-6.1,-3.4,-8.6,53.9,116.5,0,10,31
_1890,KREDARICA,1997/01,-4,-1.6,-6.2,89.8,120.6,0,13,31
_1890,KREDARICA,1997/02,-5,-1.8,-7.8,33,166.2,2,7,28
_1890,KREDARICA,1997/03,-4.5,-1.9,-7,33.3,179.4,0,12,31
_1890,KREDARICA,1997/04,-6.5,-3.3,-9.4,71.1,196,0,15,30
_1890,KREDARICA,1997/05,1,3.7,-1.3,138.8,200.9,7,15,31
_1890,KREDARICA,1997/06,4.1,6.4,2.1,361.8,99.4,13,28,22
_1890,KREDARICA,1997/07,5.3,8.1,2.9,189.4,184.6,13,18,2
_1890,KREDARICA,1997/08,6.3,9.5,4.2,208.3,162.3,13,19,1
_1890,KREDARICA,1997/09,6.2,9.6,4,98.6,229.7,4,4,2
_1890,KREDARICA,1997/10,-0.3,2.9,-2.9,45,158.7,1,10,5
_1890,KREDARICA,1997/11,-3.5,-1.2,-5.6,348.2,75.4,2,17,26
_1890,KREDARICA,1997/12,-6.5,-4.1,-8.7,183,79.6,0,17,31
_1890,KREDARICA,1998/01,-6.2,-3.4,-8.4,43,136.3,0,11,31
_1890,KREDARICA,1998/02,-2.5,0.4,-5.1,12.6,183.2,0,2,28
_1890,KREDARICA,1998/03,-7.7,-4.9,-10.7,94.8,176.2,3,15,31
_1890,KREDARICA,1998/04,-3.7,-1.2,-5.7,294,99,2,21,30
_1890,KREDARICA,1998/05,0.5,2.7,-1.5,106.6,174.8,2,15,31
_1890,KREDARICA,1998/06,5.6,7.9,3.5,161.5,187.4,11,19,19
_1890,KREDARICA,1998/07,7.2,9.9,4.9,312.6,195.4,8,14,0
_1890,KREDARICA,1998/08,7.9,10.7,5.6,129.8,214.1,13,14,4
_1890,KREDARICA,1998/09,2.7,5.1,0.4,296.9,122.3,3,17,14
_1890,KREDARICA,1998/10,-0.1,2.3,-2.6,418.2,102.9,9,19,27
_1890,KREDARICA,1998/11,-7.7,-5,-9.8,202,95.1,2,15,30
_1890,KREDARICA,1998/12,-7,-4.1,-9.7,84.9,131.1,0,6,31
_1890,KREDARICA,1999/01,-5.4,-2.2,-8.1,112.9,121.5,0,13,31
_1890,KREDARICA,1999/02,-10.6,-7.6,-13.7,106.8,128,0,13,28
_1890,KREDARICA,1999/03,-6,-3.1,-8.1,153.3,126,1,14,31
_1890,KREDARICA,1999/04,-3.2,-0.5,-5.2,255.7,129.7,3,19,30
_1890,KREDARICA,1999/05,3,5.4,0.9,173.5,180.4,10,18,31
_1890,KREDARICA,1999/06,3.8,6.4,1.6,172.9,131,6,17,9
_1890,KREDARICA,1999/07,6.4,9,4.3,244.8,165.7,6,20,0
_1890,KREDARICA,1999/08,6.9,9.4,4.9,296.6,116.6,9,19,0
_1890,KREDARICA,1999/09,5.3,7.8,3.1,142.4,135.2,8,13,2
_1890,KREDARICA,1999/10,0.8,3.5,-1.7,412.5,145.9,4,11,14
_1890,KREDARICA,1999/11,-5,-2.3,-7.4,145.9,117.7,0,12,28
_1890,KREDARICA,1999/12,-7.5,-4,-10.2,158.8,99,0,15,31
_1890,KREDARICA,2000/01,-8,-5.1,-10.7,6.7,156.7,0,7,31