station id, station name, valid,povp. T [°C],povp. max T [°C],povp. min T [°C],količina padavin [mm],trajanje sonca [h],št. dni z nevihto,št. dni s padavinami >0.1mm,št. dni s snežno odejo
_1890,KREDARICA,2010/01,-10.1,-7.5,-12.5,85.4,103.6,0,16,31
_1890,KREDARICA,2010/02,-8.7,-6.1,-11.5,132.5,104.7,0,18,28
_1890,KREDARICA,2010/03,-7.4,-4.9,-9.6,71.1,128.2,2,17,31
_1890,KREDARICA,2010/04,-3.2,-0.6,-5.7,93,163,0,17,30
_1890,KREDARICA,2010/05,-0.4,1.5,-1.9,229.3,98.7,2,22,31
_1890,KREDARICA,2010/06,5,7.2,2.9,172.9,207.6,4,11,30
_1890,KREDARICA,2010/07,8.2,11.3,6,162.7,230.1,13,15,4
_1890,KREDARICA,2010/08,6.5,8.9,4.3,353.6,148.9,11,18,2
_1890,KREDARICA,2010/09,2.3,4.5,0.4,386.7,105.2,4,16,9
_1890,KREDARICA,2010/10,-0.6,2,-3.2,122,144.9,0,12,18
_1890,KREDARICA,2010/11,-3.6,-1.3,-5.6,322.8,63.8,1,20,30
_1890,KREDARICA,2010/12,-10.1,-7.4,-13,210.7,68.4,0,20,31
_1890,KREDARICA,2011/01,-7.8,-5.4,-10.2,37.4,110.6,0,10,31
_1890,KREDARICA,2011/02,-6.5,-3.8,-8.7,33.3,136.1,0,8,28
_1890,KREDARICA,2011/03,-5.7,-3.1,-8.3,73.1,169.8,0,14,31
_1890,KREDARICA,2011/04,-1.3,1.3,-3.8,80.2,171.9,2,11,30
_1890,KREDARICA,2011/05,1.7,4.5,-1,167.9,238.4,7,14,31
_1890,KREDARICA,2011/06,5,7.3,2.8,267.8,127.2,8,21,22
_1890,KREDARICA,2011/07,5.6,8.2,3.4,207.9,173.7,6,19,5
_1890,KREDARICA,2011/08,9.2,11.8,6.8,171.4,223,2,12,0
_1890,KREDARICA,2011/09,7.1,9.8,4.8,98.2,179.8,2,10,2
_1890,KREDARICA,2011/10,0.5,3.5,-2,221.6,152.2,2,9,18
_1890,KREDARICA,2011/11,0.3,2.9,-1.8,18.2,179.4,0,5,30
_1890,KREDARICA,2011/12,-6.3,-3.2,-8.9,120.1,75.8,1,12,31
_1890,KREDARICA,2012/01,-9,-5.7,-11.6,51.1,135.2,0,7,31
_1890,KREDARICA,2012/02,-12.6,-10.1,-15.5,61.2,92.7,0,16,29
_1890,KREDARICA,2012/03,-2.7,0.1,-4.9,9.9,212,0,6,31
_1890,KREDARICA,2012/04,-3.2,-0.7,-5.6,212.4,110.8,2,23,30
_1890,KREDARICA,2012/05,1.2,4,-1.1,172.3,169.9,5,16,31
_1890,KREDARICA,2012/06,6.8,9.2,4.3,218.6,182.3,6,17,12
_1890,KREDARICA,2012/07,7.7,10.1,5.7,302.8,175.9,11,18,1
_1890,KREDARICA,2012/08,9,11.9,6.7,100.8,227.4,5,12,2
_1890,KREDARICA,2012/09,4.9,7.4,2.7,325.2,127.4,4,17,5
_1890,KREDARICA,2012/10,2.7,5.4,0.5,212.5,125,0,14,15
_1890,KREDARICA,2012/11,-1.1,1.5,-3.5,455.6,72.8,2,17,30
_1890,KREDARICA,2012/12,-8.3,-5.2,-11.2,81.5,112.5,0,14,31
_1890,KREDARICA,2013/01,-6.9,-4.3,-9.5,137.5,96.1,0,15,31
_1890,KREDARICA,2013/02,-11.2,-8.5,-13.6,153.6,55.2,1,17,28
_1890,KREDARICA,2013/03,-7.2,-4.6,-9.2,179.8,116,1,19,31
_1890,KREDARICA,2013/04,-1.6,0.8,-3.7,116.7,135.7,2,23,30
_1890,KREDARICA,2013/05,-0.5,1.6,-2.2,281.7,99.4,6,26,31
_1890,KREDARICA,2013/06,4.1,6.3,2.2,96.7,184.1,4,18,30
_1890,KREDARICA,2013/07,8.2,11.1,5.9,113.5,225.7,11,16,4
_1890,KREDARICA,2013/08,7.9,10.8,5.8,144.3,213.2,3,12,0
_1890,KREDARICA,2013/09,4.1,7.2,2,274.4,141.2,6,14,6
_1890,KREDARICA,2013/10,2.5,4.7,0.1,200.3,116.5,3,16,11
_1890,KREDARICA,2013/11,-3.9,-1.3,-6,382.3,64.5,3,21,29
_1890,KREDARICA,2013/12,-3.3,-1.1,-5.4,95.4,128.5,0,7,31
_1890,KREDARICA,2014/01,-4.9,-2.7,-6.9,291.6,81.5,1,17,31
_1890,KREDARICA,2014/02,-6.1,-3.7,-8.1,344.5,50.7,3,20,28
_1890,KREDARICA,2014/03,-3.6,-0.5,-5.9,96.9,155.2,1,9,31
_1890,KREDARICA,2014/04,-1.7,0.8,-3.5,86.5,106.3,2,16,30
_1890,KREDARICA,2014/05,0,2.6,-2.1,107.1,166.2,4,16,31
_1890,KREDARICA,2014/06,4.7,7.4,2.4,198.4,187.9,7,18,30
_1890,KREDARICA,2014/07,6.2,8.6,4.2,257.2,124.4,7,23,11
_1890,KREDARICA,2014/08,5.6,8.2,3.8,291.6,108.4,3,21,0
_1890,KREDARICA,2014/09,3.8,6.5,1.7,208.6,110,2,18,11
_1890,KREDARICA,2014/10,1.9,4.7,0.2,87.8,131.4,2,12,3
_1890,KREDARICA,2014/11,-0.1,1.5,-1.5,365.5,64.7,1,16,27
_1890,KREDARICA,2014/12,-5.8,-3.1,-7.8,113.4,72.7,0,15,31
_1890,KREDARICA,2015/01,-6.9,-3.2,-9.9,102.5,90.8,0,14,31
_1890,KREDARICA,2015/02,-8.1,-5,-10.4,55.8,89,0,12,28
_1890,KREDARICA,2015/03,-6.1,-3.1,-8.7,97.8,139.2,1,10,31
_1890,KREDARICA,2015/04,-3,0.2,-5.8,29.7,202.2,0,11,30
_1890,KREDARICA,2015/05,2.3,4.6,0.2,197.4,134.4,5,17,31
_1890,KREDARICA,2015/06,5.2,8.4,3.1,217,153.6,7,17,11
_1890,KREDARICA,2015/07,10.3,13.2,7.9,187.5,195,11,16,0
_1890,KREDARICA,2015/08,9,11.6,6.6,201.9,188.4,5,13,0
_1890,KREDARICA,2015/09,2.2,4.6,0.3,351.8,84.4,5,14,6
_1890,KREDARICA,2015/10,0.1,2.3,-2.2,257.8,93.7,0,20,29
_1890,KREDARICA,2015/11,0.3,3.3,-2.4,54.5,143.9,0,7,14
_1890,KREDARICA,2015/12,0.7,4,-2.3,1.4,180.9,0,3,4
_1890,KREDARICA,2016/01,-7.1,-4.4,-9.2,134,100,2,11,28
_1890,KREDARICA,2016/02,-5.8,-2.9,-8.6,266.6,68.3,2,21,29
_1890,KREDARICA,2016/03,-6.9,-4.1,-9.1,153.3,100.9,0,17,31
_1890,KREDARICA,2016/04,-1.8,0.5,-4.1,104.5,129.5,2,12,30
_1890,KREDARICA,2016/05,0.2,2.5,-2.1,221.6,139.9,5,23,31
_1890,KREDARICA,2016/06,4.7,7.3,2.6,286.1,113.9,9,21,25
_1890,KREDARICA,2016/07,8.1,11.1,5.7,198.6,180.1,11,16,0
_1890,KREDARICA,2016/08,7.2,10.4,4.5,249.7,180.9,6,12,2
_1890,KREDARICA,2016/09,5.2,8.3,3.1,111.6,145.4,6,10,0
_1890,KREDARICA,2016/10,-1.3,1.1,-3.4,206.9,88.5,0,19,20
_1890,KREDARICA,2016/11,-3.7,-0.8,-6.4,361.3,88.2,1,19,27
_1890,KREDARICA,2016/12,-3.3,-0.4,-6.2,0.3,182.3,0,1,31
_1890,KREDARICA,2017/01,-10.1,-6.9,-13,40.9,160,0,5,31
_1890,KREDARICA,2017/02,-5.1,-2.6,-7.7,103.9,108.5,0,10,28
_1890,KREDARICA,2017/03,-3,-0.4,-5.7,97.2,188,1,10,31
_1890,KREDARICA,2017/04,-3.4,-0.6,-5.6,241.9,135.8,4,15,30
_1890,KREDARICA,2017/05,1.8,4.5,-0.5,134.4,176.5,5,17,31
_1890,KREDARICA,2017/06,7.4,10.4,4.6,300.1,225.4,14,17,14
_1890,KREDARICA,2017/07,8.1,11.3,5.4,151.5,229.1,7,15,0
_1890,KREDARICA,2017/08,9.7,12.9,6.6,157.8,216,9,9,0
_1890,KREDARICA,2017/09,1.6,4.1,-0.4,447.9,79.2,7,21,20
_1890,KREDARICA,2017/10,2.5,6.1,-0.4,49,180.7,1,7,8
_1890,KREDARICA,2017/11,-4.5,-1.4,-6.9,191.3,78.1,0,12,26
_1890,KREDARICA,2017/12,-7.8,-4.8,-10.6,313.6,86.5,1,13,31
_1890,KREDARICA,2018/01,-5.4,-2,-8.3,67.7,106.2,1,11,31
_1890,KREDARICA,2018/02,-12.2,-8.3,-14.6,131.5,66.6,0,17,28
_1890,KREDARICA,2018/03,-6.8,-4.2,-9.3,167.5,78.6,2,17,31
_1890,KREDARICA,2018/04,0.7,3,-1.9,95.5,180.4,0,12,30
_1890,KREDARICA,2018/05,3.1,5.5,1.1,146,110,8,26,31
_1890,KREDARICA,2018/06,5.3,8.5,3.1,205.9,140.9,6,17,11
_1890,KREDARICA,2018/07,8,11.4,5.7,61,184.3,9,18,0
_1890,KREDARICA,2018/08,8.7,11.8,6.6,198.4,149.3,9,14,2
_1890,KREDARICA,2018/09,5.8,8.9,3.6,200.3,131.8,4,11,0
_1890,KREDARICA,2018/10,1.8,4.7,-0.1,269.6,134.5,4,13,9
_1890,KREDARICA,2018/11,-1.9,0.7,-4.5,178.4,72.6,0,17,19
_1890,KREDARICA,2018/12,-6.2,-3.1,-8.7,18.2,81.3,0,12,31
_1890,KREDARICA,2019/01,-10.9,-7.5,-13.5,58.3,87.9,0,14,31
_1890,KREDARICA,2019/02,-4.3,-1.1,-7.5,178.2,144.7,0,6,28
_1890,KREDARICA,2019/03,-4.9,-1.5,-7.6,106.7,158,2,8,31
_1890,KREDARICA,2019/04,-2.6,-0.3,-4.5,232.4,105.5,1,19,30
_1890,KREDARICA,2019/05,-2,0.2,-3.9,277.7,92.5,2,23,31
_1890,KREDARICA,2019/06,8.9,11.8,6.2,47.9,246.4,8,14,17
_1890,KREDARICA,2019/07,8.4,11.5,6.1,268.6,196.9,14,18,0
_1890,KREDARICA,2019/08,9,11.5,6.7,176.2,135,10,17,0
_1890,KREDARICA,2019/09,5.3,8.5,2.8,224.5,160.7,4,11,2
_1890,KREDARICA,2019/10,4,6.9,1.4,124.1,138.3,0,13,5
_1890,KREDARICA,2019/11,-3.1,-1.1,-5,529.1,46.9,3,25,29
_1890,KREDARICA,2019/12,-5,-2.2,-7.8,216.4,100.9,1,12,31
_1890,KREDARICA,2020/01,-3.1,-0.2,-6.1,21.6,160.6,1,5,31