station id, station name, valid,povp. T [°C],abs. max T [°C],abs. min T [°C],povp. oblačnost [%],količina padavin [mm],št. dni z viharnim vetrom,št. dni z nevihto,št. dni s točo
_1923,BILJE,2001/01,5.9,15,-5.5,79,212.9,2,2,0
_1923,BILJE,2001/02,5.8,18.7,-6.1,49,7.1,2,1,0
_1923,BILJE,2001/03,10.1,20.7,-0.8,79,210.1,1,1,0
_1923,BILJE,2001/04,11,25.5,-0.7,53,89.9,0,4,0
_1923,BILJE,2001/05,18.8,30.6,8.3,48,63.8,1,7,1
_1923,BILJE,2001/06,19.3,31.6,6.1,45,90.9,1,8,0
_1923,BILJE,2001/07,22.4,33.4,12,36,115.1,0,9,0
_1923,BILJE,2001/08,23.8,35.6,9.6,28,9.1,1,6,0
_1923,BILJE,2001/09,15.3,26,6.2,63,282,1,6,0
_1923,BILJE,2001/10,15,27,5.1,50,62.6,0,1,0
_1923,BILJE,2001/11,6.6,19.1,-6.4,50,43.6,3,2,1
_1923,BILJE,2001/12,1.6,12.8,-9.3,37,23.8,6,0,1
_1923,BILJE,2002/01,1.5,14.6,-10.4,46,30,0,0,0
_1923,BILJE,2002/02,5.7,15.1,-4,76,80.1,1,0,0
_1923,BILJE,2002/03,10,21,-2.3,40,9.9,0,0,0
_1923,BILJE,2002/04,12.3,23.3,1,60,84.5,1,3,0
_1923,BILJE,2002/05,17,26.8,5,56,109.5,0,5,0
_1923,BILJE,2002/06,22,35.4,11.4,36,120.4,2,5,0
_1923,BILJE,2002/07,22.7,32.9,12.8,39,61.7,2,9,0
_1923,BILJE,2002/08,21.1,30.6,13.2,47,341.9,1,14,0
_1923,BILJE,2002/09,16.4,27.8,3.8,49,118.4,1,6,0
_1923,BILJE,2002/10,13.1,22,2.1,64,156.2,2,3,0
_1923,BILJE,2002/11,11.2,21,-2,72,214.7,0,1,0
_1923,BILJE,2002/12,6.1,14.7,-4.1,71,38.1,4,0,0
_1923,BILJE,2003/01,2.6,12.8,-8.8,51,70.3,1,2,0
_1923,BILJE,2003/02,1.8,15.9,-8,18,33.4,1,0,0
_1923,BILJE,2003/03,8,21.3,-3.2,36,1.2,1,0,0
_1923,BILJE,2003/04,11.1,22.9,-5.3,49,89,1,0,0
_1923,BILJE,2003/05,18.8,31.5,5,36,32.7,2,3,0
_1923,BILJE,2003/06,24.5,37,13.7,35,35.5,0,13,0
_1923,BILJE,2003/07,24.2,36.1,12.9,37,35.2,2,7,2
_1923,BILJE,2003/08,25.7,37.8,13.5,28,91.4,3,10,0
_1923,BILJE,2003/09,16.8,29.6,5,34,72.8,1,2,0
_1923,BILJE,2003/10,11,23.3,-4.8,58,161.1,2,4,1
_1923,BILJE,2003/11,9.9,19.2,-2.1,66,213.6,1,1,0
_1923,BILJE,2003/12,4.9,16,-5.6,60,150.1,2,0,0
_1923,BILJE,2004/01,2,12.2,-9.7,60,67.4,1,0,0
_1923,BILJE,2004/02,3.5,12.5,-5.1,68,136.6,2,1,0
_1923,BILJE,2004/03,7.4,23,-4.3,57,38.3,3,0,0
_1923,BILJE,2004/04,12.3,24.3,0.3,65,81,0,3,0
_1923,BILJE,2004/05,14.7,25.7,3.7,54,145.4,0,7,1
_1923,BILJE,2004/06,20.4,30.9,9.4,50,142.1,2,8,0
_1923,BILJE,2004/07,22.5,35.3,8.8,33,29.4,0,6,0
_1923,BILJE,2004/08,22,32.9,10.3,42,120.2,0,11,0
_1923,BILJE,2004/09,18.1,29.6,6.8,42,101.2,2,4,0
_1923,BILJE,2004/10,14.8,23.5,3.5,76,310.2,0,7,0
_1923,BILJE,2004/11,7.8,25,-5.9,51,100.8,1,1,0
_1923,BILJE,2004/12,4.9,16.9,-6.2,41,152.9,0,0,0
_1923,BILJE,2005/01,1.9,12.5,-8.3,49,16.9,0,0,0
_1923,BILJE,2005/02,2.3,12.5,-8.7,49,11.4,1,0,0
_1923,BILJE,2005/03,6.6,20,-11.5,48,79.4,0,2,1
_1923,BILJE,2005/04,11.3,23.9,-1,55,149.1,2,3,0
_1923,BILJE,2005/05,17.3,32.5,3.2,44,64.1,0,4,0
_1923,BILJE,2005/06,21.3,34,4,43,53.7,3,6,0
_1923,BILJE,2005/07,22.4,35.5,10,41,103.1,0,7,0
_1923,BILJE,2005/08,20.1,32.8,7.3,55,206.5,0,9,0
_1923,BILJE,2005/09,17.8,31.2,8.4,46,186.6,1,8,0
_1923,BILJE,2005/10,13.3,21.5,0.9,57,60.2,0,0,0
_1923,BILJE,2005/11,7.4,19.5,-6.1,60,150.1,1,0,0
_1923,BILJE,2005/12,2.8,13.5,-8.1,58,126,2,2,0
_1923,BILJE,2006/01,1.7,15.2,-9.6,41,76.1,3,0,0
_1923,BILJE,2006/02,3.4,16.6,-7.5,52,80.2,5,2,0
_1923,BILJE,2006/03,6.4,17,-5.8,61,124.9,2,1,0
_1923,BILJE,2006/04,12.1,26.2,-0.6,56,53.8,1,4,0
_1923,BILJE,2006/05,16.2,26.2,5,54,104.1,1,6,0
_1923,BILJE,2006/06,21.2,35.4,4.4,36,18.2,1,1,0
_1923,BILJE,2006/07,25.4,38.6,14.7,34,14.3,2,13,0
_1923,BILJE,2006/08,19.1,29,7.6,57,204.7,0,13,1
_1923,BILJE,2006/09,18.9,32.1,8.6,33,33.9,1,0,0
_1923,BILJE,2006/10,15,25.9,0.5,50,18.1,0,0,0
_1923,BILJE,2006/11,9.1,18.9,-4,67,94.9,0,1,0
_1923,BILJE,2006/12,5.9,16,-5.6,50,80.8,1,1,0
_1923,BILJE,2007/01,6.1,16.8,-5,78,73.5,1,2,1
_1923,BILJE,2007/02,6.9,17,-4.1,55,136,0,0,0
_1923,BILJE,2007/03,10.3,23,-1.4,56,60.6,2,1,0
_1923,BILJE,2007/04,15,27.3,1.5,25,4.3,0,1,0
_1923,BILJE,2007/05,18.5,33.7,6.5,46,98.8,1,11,0
_1923,BILJE,2007/06,21.8,32.6,11.5,58,59.2,0,9,0
_1923,BILJE,2007/07,22.9,38,7.5,28,89.9,2,5,2
_1923,BILJE,2007/08,21.6,32.1,10,47,84.2,0,6,1
_1923,BILJE,2007/09,15.7,27.3,6,44,208.3,0,8,0
_1923,BILJE,2007/10,12.1,25.9,-1,48,84.7,0,1,0
_1923,BILJE,2007/11,6.9,20,-4.9,51,28,0,0,0
_1923,BILJE,2007/12,3.2,14,-6.5,45,36.6,2,0,0
_1923,BILJE,2008/01,5.3,15.4,-7.5,69,121.2,0,0,0
_1923,BILJE,2008/02,4.9,15.7,-7.4,45,44.7,1,0,0
_1923,BILJE,2008/03,7.7,19.5,-2.5,66,106.5,4,2,0
_1923,BILJE,2008/04,11.7,23,0.7,63,150.6,0,8,1
_1923,BILJE,2008/05,17.6,32.7,6.8,53,90.6,0,7,0
_1923,BILJE,2008/06,21.2,34,10.2,53,89.3,1,6,0
_1923,BILJE,2008/07,22.5,32.7,10.3,43,245.3,3,13,1
_1923,BILJE,2008/08,22.3,33.3,11.4,28,72.9,2,7,1
_1923,BILJE,2008/09,16.5,30.1,3.2,47,70.6,0,4,0
_1923,BILJE,2008/10,13.4,27.5,1,51,124.1,0,3,0
_1923,BILJE,2008/11,8.5,21.9,-6.7,59,193.7,0,5,0
_1923,BILJE,2008/12,4.8,15.4,-7.2,54,291.4,3,1,0
_1923,BILJE,2009/01,3.6,12.6,-8.7,53,86.5,2,0,0
_1923,BILJE,2009/02,3.8,14.7,-6.9,54,100,0,1,0
_1923,BILJE,2009/03,7.8,18,-2.7,55,248.9,2,0,0
_1923,BILJE,2009/04,14,25.4,5.5,51,77,1,1,0
_1923,BILJE,2009/05,18.7,33,7.3,41,25.6,0,7,0
_1923,BILJE,2009/06,20.5,32.2,8.8,59,80.2,0,11,0
_1923,BILJE,2009/07,22.7,33.8,10.3,36,122.8,0,11,0
_1923,BILJE,2009/08,23.8,35.4,10.3,32,82.4,1,5,0
_1923,BILJE,2009/09,19.5,29.9,9.3,38,65.2,0,4,0
_1923,BILJE,2009/10,12.5,25,-1.2,46,117.3,0,3,0
_1923,BILJE,2009/11,9.6,17.2,-1,86,112.6,0,2,0
_1923,BILJE,2009/12,4.4,16.4,-13.9,63,291.3,1,0,0
_1923,BILJE,2010/01,2,11,-8.5,60,78.3,0,0,0
_1923,BILJE,2010/02,4.5,14,-7.6,70,162.5,0,0,0
_1923,BILJE,2010/03,7.1,20,-5.7,60,47.7,3,2,0
_1923,BILJE,2010/04,12.4,27.5,0.9,48,47,0,2,0
_1923,BILJE,2010/05,16,26.8,5.2,64,258.2,0,9,0
_1923,BILJE,2010/06,20.7,32.1,8.6,48,107.6,0,7,0
_1923,BILJE,2010/07,23.5,36.2,11.9,33,200.3,0,9,1
_1923,BILJE,2010/08,21.1,31.9,6.1,43,74.6,0,6,0
_1923,BILJE,2010/09,16.7,26.4,7.2,51,367.1,0,8,0
_1923,BILJE,2010/10,11.9,23.7,-0.4,47,62.6,0,1,0
_1923,BILJE,2010/11,9.5,18.6,-1.2,81,341.8,1,1,0
_1923,BILJE,2010/12,2.5,15.5,-12.6,66,260.2,0,1,0