station id, station name, valid,povp. T [°C],abs. max T [°C],abs. min T [°C],povp. oblačnost [%],količina padavin [mm],št. dni z viharnim vetrom,št. dni z nevihto,št. dni s točo
_1922,POSTOJNA,1991/01,0.2,10,-8.4,56,87.5,0,0,0
_1922,POSTOJNA,1991/02,-1.5,17,-14,46,96.7,0,0,0
_1922,POSTOJNA,1991/03,6.3,17.2,-3,62,65.5,0,0,0
_1922,POSTOJNA,1991/04,6.9,18,-4,53,59.9,0,0,0
_1922,POSTOJNA,1991/05,9.3,22.8,-1,64,275.4,0,0,0
_1922,POSTOJNA,1991/06,15.5,29,3.4,43,221.2,0,2,0
_1922,POSTOJNA,1991/07,19.5,32,4.6,45,105.6,0,4,0
_1922,POSTOJNA,1991/08,18.5,29.6,8.4,33,117.1,0,2,0
_1922,POSTOJNA,1991/09,15.4,25.2,4,51,107.4,0,3,0
_1922,POSTOJNA,1991/10,7.9,21,-5.2,60,181.5,0,3,0
_1922,POSTOJNA,1991/11,4.6,14.5,-5.2,69,393.3,0,0,0
_1922,POSTOJNA,1991/12,-1.7,10,-11.6,27,17.9,0,0,0
_1922,POSTOJNA,1992/01,0.3,10.6,-8.2,67,35,0,0,0
_1922,POSTOJNA,1992/02,1.6,15.6,-12.5,39,52.6,0,0,0
_1922,POSTOJNA,1992/03,4.1,16.2,-7.8,59,166.4,0,0,0
_1922,POSTOJNA,1992/04,8.4,22,-1.6,56,140.9,0,2,2
_1922,POSTOJNA,1992/05,13.9,24.8,2.4,40,75.3,0,2,0
_1922,POSTOJNA,1992/06,16.1,26,6.4,58,121.3,0,2,0
_1922,POSTOJNA,1992/07,18.4,30.2,6.4,43,130.3,0,3,0
_1922,POSTOJNA,1992/08,20,34.6,8,23,57.9,0,6,0
_1922,POSTOJNA,1992/09,13.5,26,-0.8,39,86.8,0,1,0
_1922,POSTOJNA,1992/10,8.9,19.4,-1,74,512.9,0,7,0
_1922,POSTOJNA,1992/11,6.6,17.2,-3.4,70,141,0,0,0
_1922,POSTOJNA,1992/12,0.5,12.4,-9.4,65,153.2,0,0,0
_1922,POSTOJNA,1993/01,0.4,11.6,-11,57,6.6,0,0,0
_1922,POSTOJNA,1993/02,-0.2,15.5,-11,30,7.4,0,0,0
_1922,POSTOJNA,1993/03,2.6,21,-8.4,52,49,0,0,0
_1922,POSTOJNA,1993/04,7.9,21.4,-5,58,71.3,0,2,0
_1922,POSTOJNA,1993/05,14.3,26.6,3,43,24.7,0,2,0
_1922,POSTOJNA,1993/06,16.6,27.6,6.4,51,147.1,0,9,0
_1922,POSTOJNA,1993/07,17.1,31,3.6,38,54.2,0,2,0
_1922,POSTOJNA,1993/08,18.6,33,4.4,32,77,0,3,0
_1922,POSTOJNA,1993/09,12.9,23.6,1,68,331.9,0,2,0
_1922,POSTOJNA,1993/10,10.2,20,3,73,324.9,0,1,0
_1922,POSTOJNA,1993/11,1.5,14.6,-8,84,160.9,0,0,0
_1922,POSTOJNA,1993/12,2.4,11,-12,71,169.7,0,1,0
_1922,POSTOJNA,1994/01,2.7,13,-6.6,58,144.7,0,0,0
_1922,POSTOJNA,1994/02,1.2,12,-10.4,77,89.3,0,0,0
_1922,POSTOJNA,1994/03,7.9,19.4,-5,55,39.4,0,0,0
_1922,POSTOJNA,1994/04,7.9,22.4,-4,62,170.1,0,0,0
_1922,POSTOJNA,1994/05,12.7,23.4,-0.6,59,180,0,2,0
_1922,POSTOJNA,1994/06,16.3,28.6,1.6,56,209.1,0,6,0
_1922,POSTOJNA,1994/07,20.3,30.6,10,34,63.4,0,4,0
_1922,POSTOJNA,1994/08,19.5,32.6,6.4,34,160.2,0,4,0
_1922,POSTOJNA,1994/09,15,27,4.4,58,160.1,0,3,0
_1922,POSTOJNA,1994/10,8.3,21.4,-3,50,234.6,0,4,0
_1922,POSTOJNA,1994/11,7,16.4,-2.6,66,99.4,0,0,0
_1922,POSTOJNA,1994/12,2.1,14.2,-10,64,113.8,0,0,0
_1922,POSTOJNA,1995/01,0.1,10,-12.6,59,132.5,0,2,0
_1922,POSTOJNA,1995/02,3.7,12.6,-6,59,291,0,0,0
_1922,POSTOJNA,1995/03,2.7,15,-6.8,64,205.9,0,2,0
_1922,POSTOJNA,1995/04,7.9,24.4,-3.4,55,22.3,0,0,0
_1922,POSTOJNA,1995/05,12.3,26.6,2,54,136.6,0,0,0
_1922,POSTOJNA,1995/06,14.3,27.2,7,63,203.7,0,5,0
_1922,POSTOJNA,1995/07,20.2,31.4,11,31,59.1,0,4,0
_1922,POSTOJNA,1995/08,17.1,29,3,46,212.2,0,4,0
_1922,POSTOJNA,1995/09,12.2,23,-2,61,232,0,1,0
_1922,POSTOJNA,1995/10,11.1,22.6,-2.4,43,42.4,0,0,0
_1922,POSTOJNA,1995/11,4.1,15.4,-10,64,109.6,0,1,0
_1922,POSTOJNA,1995/12,0.4,11,-9,89,207,0,1,0
_1922,POSTOJNA,1996/01,-1.1,9.4,-9,79,83.7,0,0,0
_1922,POSTOJNA,1996/02,-1.6,7.4,-13,61,116.6,0,0,0
_1922,POSTOJNA,1996/03,1.6,12.6,-11.6,57,12.4,0,0,0
_1922,POSTOJNA,1996/04,8,21,-3,53,158.7,0,0,0
_1922,POSTOJNA,1996/05,13.3,25,2,57,167.7,0,7,0
_1922,POSTOJNA,1996/06,16.7,31,6,40,146.5,0,6,0
_1922,POSTOJNA,1996/07,16.8,28,4.6,42,114.3,0,2,0
_1922,POSTOJNA,1996/08,17.1,29,7.4,47,80.9,0,6,0
_1922,POSTOJNA,1996/09,10.8,20,1,66,203.6,0,4,0
_1922,POSTOJNA,1996/10,9.2,17,-3,66,185.5,0,0,0
_1922,POSTOJNA,1996/11,6.1,19,-9,71,218.5,0,0,0
_1922,POSTOJNA,1996/12,-1.2,9,-14,72,166,0,0,0
_1922,POSTOJNA,1997/01,-0.7,8.4,-9.8,67,163.3,0,1,0
_1922,POSTOJNA,1997/02,3,14.6,-9.4,44,26,0,2,0
_1922,POSTOJNA,1997/03,5.6,19.4,-5.6,41,28.9,0,0,0
_1922,POSTOJNA,1997/04,5.3,18.6,-8,46,68.5,0,0,0
_1922,POSTOJNA,1997/05,13.4,27.6,-0.6,49,78,0,2,0
_1922,POSTOJNA,1997/06,16.6,29.4,7,64,149.7,0,7,0
_1922,POSTOJNA,1997/07,17.1,27,6.4,50,153.9,0,9,0
_1922,POSTOJNA,1997/08,17.8,28,5.8,47,86.7,0,8,0
_1922,POSTOJNA,1997/09,14.6,27.4,2,31,26.4,0,0,0
_1922,POSTOJNA,1997/10,8.2,20.4,-3.6,58,143.1,0,2,1
_1922,POSTOJNA,1997/11,5,16,-7,73,367.5,0,0,0
_1922,POSTOJNA,1997/12,2.3,10,-7,78,216.4,0,0,0
_1922,POSTOJNA,1998/01,2.7,12,-10,70,34.4,0,0,0
_1922,POSTOJNA,1998/02,4.1,21,-9,33,1.9,0,0,0
_1922,POSTOJNA,1998/03,3.6,18,-8.4,44,33.3,0,2,1
_1922,POSTOJNA,1998/04,8.7,20,-2,76,282,0,2,0
_1922,POSTOJNA,1998/05,13.2,27,1,54,62.7,0,2,0
_1922,POSTOJNA,1998/06,17.5,29.6,5,50,106,0,7,0
_1922,POSTOJNA,1998/07,19.2,32.3,6.4,45,150.4,0,5,0
_1922,POSTOJNA,1998/08,19.5,33,4,33,150,0,2,0
_1922,POSTOJNA,1998/09,13.6,24,3,62,172,0,2,0
_1922,POSTOJNA,1998/10,9.8,19,-1,64,287.9,0,2,0
_1922,POSTOJNA,1998/11,2.3,14.6,-6,64,183.1,0,0,0
_1922,POSTOJNA,1998/12,-3.1,9,-18,58,32.5,0,0,0
_1922,POSTOJNA,1999/01,0.8,13.4,-8.6,51,58.2,0,0,1
_1922,POSTOJNA,1999/02,-0.3,11.4,-14,57,119.9,0,1,0
_1922,POSTOJNA,1999/03,5.8,18.4,-5.6,70,94.1,0,0,1
_1922,POSTOJNA,1999/04,8.6,19,-0.6,71,286.5,0,5,0
_1922,POSTOJNA,1999/05,14.2,28,4,60,95.1,0,3,0
_1922,POSTOJNA,1999/06,16.8,27,6,53,138.4,0,3,0
_1922,POSTOJNA,1999/07,18.7,30,8.6,48,106.8,0,2,0
_1922,POSTOJNA,1999/08,18.2,29,9,49,68,0,1,0
_1922,POSTOJNA,1999/09,15.7,25,4.4,47,139.4,0,3,0
_1922,POSTOJNA,1999/10,9.7,21,-1.4,52,98.3,0,1,0
_1922,POSTOJNA,1999/11,2.1,18,-15.6,65,103.2,0,0,0
_1922,POSTOJNA,1999/12,0.9,9.9,-12.7,65,200.8,0,0,0
_1922,POSTOJNA,2000/01,-2,8.2,-16.8,45,4.2,0,0,0
_1922,POSTOJNA,2000/02,2.7,16.6,-10.7,52,41,0,1,0
_1922,POSTOJNA,2000/03,5.1,16.6,-6.5,61,149,0,0,0
_1922,POSTOJNA,2000/04,10.4,24.6,-3.5,62,102.1,0,3,0
_1922,POSTOJNA,2000/05,14.2,25.4,3,49,96.9,0,4,0
_1922,POSTOJNA,2000/06,17.8,28.5,4.8,33,74.9,0,6,0
_1922,POSTOJNA,2000/07,16.9,29.8,5,50,158.7,0,2,0
_1922,POSTOJNA,2000/08,19.1,32.7,5.8,32,24.3,0,3,0
_1922,POSTOJNA,2000/09,14.2,25.7,2,48,138.7,0,6,0
_1922,POSTOJNA,2000/10,11.8,25,-1.8,70,192.5,0,0,0
_1922,POSTOJNA,2000/11,7.6,15,-3.4,82,455.2,0,4,0
_1922,POSTOJNA,2000/12,4.3,12.4,-9,83,153.8,0,1,0