station id, station name, valid,povp. T [°C],abs. max T [°C],abs. min T [°C],povp. oblačnost [%],količina padavin [mm],št. dni z viharnim vetrom,št. dni z nevihto,št. dni s točo
_1922,POSTOJNA,2001/01,2.5,10.7,-5.8,89,280.2,1,1,0
_1922,POSTOJNA,2001/02,2.8,13.5,-14.3,53,26.4,0,0,0
_1922,POSTOJNA,2001/03,7.3,19,-3.4,78,273.5,0,0,0
_1922,POSTOJNA,2001/04,7.4,23.4,-4.4,59,82.8,0,1,0
_1922,POSTOJNA,2001/05,15.4,28.8,2.4,55,52,0,3,1
_1922,POSTOJNA,2001/06,15.9,27.5,3.1,49,111.4,0,1,0
_1922,POSTOJNA,2001/07,18.9,31,8.2,46,159.8,0,4,0
_1922,POSTOJNA,2001/08,20.1,31.9,8,29,14.9,0,2,0
_1922,POSTOJNA,2001/09,11.6,22.5,2,75,382,0,3,0
_1922,POSTOJNA,2001/10,12.8,23,-0.3,66,53.5,0,1,0
_1922,POSTOJNA,2001/11,3.3,13.5,-10,54,76.7,1,0,1
_1922,POSTOJNA,2001/12,-2.1,9,-15.5,52,51.1,1,0,1
_1922,POSTOJNA,2002/01,-0.1,14.6,-10.7,56,22.3,0,0,0
_1922,POSTOJNA,2002/02,3.7,14.5,-7.8,69,99.5,0,0,0
_1922,POSTOJNA,2002/03,7.1,19,-4,46,30.5,0,1,0
_1922,POSTOJNA,2002/04,7.9,19.3,-3,67,159.6,0,0,0
_1922,POSTOJNA,2002/05,13.7,23.6,1.4,60,161.8,0,4,0
_1922,POSTOJNA,2002/06,18.3,32,7,42,110,0,4,0
_1922,POSTOJNA,2002/07,19.1,29,7.8,45,81.9,0,6,0
_1922,POSTOJNA,2002/08,17.8,27.2,8,57,201.3,0,4,0
_1922,POSTOJNA,2002/09,12.7,24,2.7,62,151,0,3,0
_1922,POSTOJNA,2002/10,10.2,19.2,-1,74,213.5,0,3,0
_1922,POSTOJNA,2002/11,8.8,17.2,-4.3,80,247.2,1,1,0
_1922,POSTOJNA,2002/12,1.4,12.2,-8.2,87,66.5,0,0,0
_1922,POSTOJNA,2003/01,-1,11.5,-15,59,102.9,0,0,0
_1922,POSTOJNA,2003/02,-2.4,10,-15,48,68.6,0,0,0
_1922,POSTOJNA,2003/03,5,20,-5,36,2.2,0,0,0
_1922,POSTOJNA,2003/04,7.8,19.2,-9.2,53,111.8,0,0,0
_1922,POSTOJNA,2003/05,15.1,27,0.5,41,34.8,0,2,0
_1922,POSTOJNA,2003/06,20.6,33.8,9.8,44,86,0,10,0
_1922,POSTOJNA,2003/07,20.2,33.6,9.8,40,35,0,7,0
_1922,POSTOJNA,2003/08,21.6,35,9,36,73.5,1,6,0
_1922,POSTOJNA,2003/09,13.1,28,0.4,40,85.3,0,0,0
_1922,POSTOJNA,2003/10,7.7,20.2,-9.6,69,155.7,1,1,0
_1922,POSTOJNA,2003/11,7,15.6,-5,83,202.2,1,1,0
_1922,POSTOJNA,2003/12,1.7,12.4,-9.8,57,152.3,1,0,0
_1922,POSTOJNA,2004/01,-1.3,11,-15.3,61,106,0,0,0
_1922,POSTOJNA,2004/02,0.5,15,-10.5,71,128.6,0,1,0
_1922,POSTOJNA,2004/03,3,21.5,-11.2,59,61.9,0,0,0
_1922,POSTOJNA,2004/04,8.5,21.5,-1.2,74,158.7,0,3,0
_1922,POSTOJNA,2004/05,11.5,24,0.4,58,209.8,0,3,2
_1922,POSTOJNA,2004/06,16.5,28.8,6.4,56,170.2,0,3,0
_1922,POSTOJNA,2004/07,18.4,32,7.4,44,46.1,0,2,0
_1922,POSTOJNA,2004/08,18.3,29,5.8,41,67.1,0,9,0
_1922,POSTOJNA,2004/09,14.2,23.5,4.7,50,181.6,0,0,0
_1922,POSTOJNA,2004/10,12,21,3,89,291.6,0,5,0
_1922,POSTOJNA,2004/11,5.2,17,-10,68,78.3,1,0,0
_1922,POSTOJNA,2004/12,1,10.6,-10,54,175.1,0,0,0
_1922,POSTOJNA,2005/01,-0.7,10.6,-11.6,55,10.9,1,0,0
_1922,POSTOJNA,2005/02,-1.8,9.2,-10.8,61,30.4,3,0,0
_1922,POSTOJNA,2005/03,3.3,20.4,-19.5,61,55.1,0,1,0
_1922,POSTOJNA,2005/04,8,21.8,-4,68,186.8,1,0,0
_1922,POSTOJNA,2005/05,14.3,29.8,2,58,128.9,0,2,0
_1922,POSTOJNA,2005/06,17.9,31,4.2,56,55.9,1,4,0
_1922,POSTOJNA,2005/07,19.6,34,8.2,56,101.1,0,3,0
_1922,POSTOJNA,2005/08,16.8,28,3.4,73,207.3,0,3,0
_1922,POSTOJNA,2005/09,14.6,28.3,8,66,161.8,0,2,0
_1922,POSTOJNA,2005/10,10.5,17.8,-3,64,64.5,0,0,0
_1922,POSTOJNA,2005/11,4.2,14.8,-11,72,151.9,1,0,0
_1922,POSTOJNA,2005/12,-0.3,8.6,-12.6,75,94.5,0,0,0
_1922,POSTOJNA,2006/01,-2.1,6.5,-14.6,69,83.6,0,0,0
_1922,POSTOJNA,2006/02,-0.4,11.4,-12.8,65,86.5,1,0,0
_1922,POSTOJNA,2006/03,2.8,13.7,-12.6,71,169.1,1,0,0
_1922,POSTOJNA,2006/04,9.1,23.8,-2.2,68,132.3,0,1,0
_1922,POSTOJNA,2006/05,13.4,24.5,1,60,193.9,0,2,0
_1922,POSTOJNA,2006/06,18.2,31.6,3.8,47,27.6,0,3,0
_1922,POSTOJNA,2006/07,22.4,35,10,42,50.7,0,6,0
_1922,POSTOJNA,2006/08,15.9,25.4,4.5,67,223.7,0,5,0
_1922,POSTOJNA,2006/09,15.9,30,5,48,62.6,0,0,0
_1922,POSTOJNA,2006/10,12.5,21.2,-3.4,54,14.1,0,0,0
_1922,POSTOJNA,2006/11,7.3,16.5,-8.2,76,70.1,0,0,0
_1922,POSTOJNA,2006/12,3.7,13.4,-9.2,64,79.8,0,0,0
_1922,POSTOJNA,2007/01,3.7,13.7,-11.6,75,94.8,0,1,0
_1922,POSTOJNA,2007/02,4.9,13.3,-7.6,65,203.9,0,0,0
_1922,POSTOJNA,2007/03,6.8,18.4,-1.8,64,93.8,0,0,0
_1922,POSTOJNA,2007/04,12.2,24.8,-3.4,29,0.5,0,0,0
_1922,POSTOJNA,2007/05,15,29.8,2.8,56,107.8,0,4,0
_1922,POSTOJNA,2007/06,18.6,29.4,7.4,65,73.5,0,5,0
_1922,POSTOJNA,2007/07,19.4,34.6,4.6,37,77.7,0,5,0
_1922,POSTOJNA,2007/08,18.2,29,6.4,58,115.6,0,3,0
_1922,POSTOJNA,2007/09,12.5,24,1.2,54,274,0,5,0
_1922,POSTOJNA,2007/10,8.6,24,-3,60,149,1,0,0
_1922,POSTOJNA,2007/11,3.9,14,-7.2,60,41.3,0,0,0
_1922,POSTOJNA,2007/12,-0.2,9.4,-11.4,59,45.6,0,0,0
_1922,POSTOJNA,2008/01,3,15,-7.4,71,104.4,0,0,0
_1922,POSTOJNA,2008/02,2.6,15.5,-11.6,51,41.6,0,0,0
_1922,POSTOJNA,2008/03,4,17.7,-10.4,79,153.5,0,1,0
_1922,POSTOJNA,2008/04,8.3,18.4,-3.6,76,164.3,0,3,0
_1922,POSTOJNA,2008/05,14.4,29,2.5,61,102.1,0,2,0
_1922,POSTOJNA,2008/06,18.3,31.2,8.4,61,105.3,0,4,0
_1922,POSTOJNA,2008/07,19.4,29.3,7,56,103,0,6,0
_1922,POSTOJNA,2008/08,18.9,30.2,8,41,130.8,0,6,0
_1922,POSTOJNA,2008/09,13.2,27.7,1,61,98.7,0,3,0
_1922,POSTOJNA,2008/10,10.9,23,-2.3,62,101.3,0,1,0
_1922,POSTOJNA,2008/11,5.8,19.2,-10.3,69,122.7,0,0,1
_1922,POSTOJNA,2008/12,1.4,12.4,-8.4,70,297.6,1,1,0
_1922,POSTOJNA,2009/01,-1.3,8.4,-13,68,80.6,1,0,0
_1922,POSTOJNA,2009/02,1.2,13.2,-7.8,65,106.9,1,0,1
_1922,POSTOJNA,2009/03,4.7,14.7,-6.2,70,208.8,1,2,0
_1922,POSTOJNA,2009/04,10.8,21,0,65,99,0,1,0
_1922,POSTOJNA,2009/05,15.8,31.6,3.4,55,38.6,1,1,0
_1922,POSTOJNA,2009/06,17.1,29.4,5.4,66,94,1,4,0
_1922,POSTOJNA,2009/07,19.4,31.2,7,42,144.1,0,4,0
_1922,POSTOJNA,2009/08,20.4,32.4,8.6,28,47.5,0,4,0
_1922,POSTOJNA,2009/09,16.4,28,5,43,47.2,0,1,0
_1922,POSTOJNA,2009/10,9.8,23,-4.4,55,133.7,1,2,0
_1922,POSTOJNA,2009/11,7.2,13,-6,86,148.1,2,1,0
_1922,POSTOJNA,2009/12,1.8,12.6,-18,76,433.9,0,2,1
_1922,POSTOJNA,2010/01,-2.3,9.4,-13.8,73,113.3,1,0,1
_1922,POSTOJNA,2010/02,0.7,12.3,-15.2,77,148.6,0,0,0
_1922,POSTOJNA,2010/03,3.9,17.5,-9.2,61,41.3,2,1,0
_1922,POSTOJNA,2010/04,9.4,23.2,-3.3,53,80.6,0,0,0
_1922,POSTOJNA,2010/05,12.8,23.8,2.5,70,193.5,0,4,0
_1922,POSTOJNA,2010/06,17.7,29.2,3.5,47,159.3,0,4,0
_1922,POSTOJNA,2010/07,20.4,33.2,7.1,35,138.1,0,9,0
_1922,POSTOJNA,2010/08,18,28.9,3,48,81.8,0,8,0
_1922,POSTOJNA,2010/09,13.3,22.9,2.6,60,370.9,0,4,0
_1922,POSTOJNA,2010/10,8.6,18.3,-3,63,136.6,0,0,0
_1922,POSTOJNA,2010/11,6.9,17,-7,88,228.2,0,2,0
_1922,POSTOJNA,2010/12,0,12.8,-19,67,247.6,0,1,1