station id, station name, valid,povp. T [°C],abs. max T [°C],abs. min T [°C],povp. oblačnost [%],količina padavin [mm],št. dni z viharnim vetrom,št. dni z nevihto,št. dni s točo
_1922,POSTOJNA,2011/01,0.8,14.8,-9.6,72,60.6,0,0,0
_1922,POSTOJNA,2011/02,0.3,18.6,-9,50,29,0,0,0
_1922,POSTOJNA,2011/03,4.9,19.1,-11,52,118.7,2,0,0
_1922,POSTOJNA,2011/04,10.5,26.1,-3.5,43,37.2,0,2,0
_1922,POSTOJNA,2011/05,14.5,27.8,-1.2,34,110.7,0,5,0
_1922,POSTOJNA,2011/06,17.9,29.3,7.2,53,146.2,0,11,0
_1922,POSTOJNA,2011/07,18.7,32.1,5,52,114.9,0,10,0
_1922,POSTOJNA,2011/08,20.2,35.1,7,27,16,0,1,0
_1922,POSTOJNA,2011/09,17.5,31.2,8.4,31,92.1,0,4,0
_1922,POSTOJNA,2011/10,8.9,25.9,-4,47,209.7,2,3,0
_1922,POSTOJNA,2011/11,3.9,16.5,-9,46,3.1,0,0,0
_1922,POSTOJNA,2011/12,3.1,12.7,-12,67,139.9,0,1,0
_1922,POSTOJNA,2012/01,0.3,10.5,-12.3,46,38.6,0,1,0
_1922,POSTOJNA,2012/02,-2.8,20.4,-13.3,56,19.7,5,0,0
_1922,POSTOJNA,2012/03,7.8,21.8,-7.1,26,18.7,0,3,0
_1922,POSTOJNA,2012/04,9.1,27.9,-5.5,67,89.9,0,4,0
_1922,POSTOJNA,2012/05,13.5,27.5,-0.2,51,125.1,1,4,0
_1922,POSTOJNA,2012/06,19,31.4,7,47,71.6,0,4,1
_1922,POSTOJNA,2012/07,20.9,33.5,9.4,40,34.6,0,8,1
_1922,POSTOJNA,2012/08,21.4,35.4,6,25,25.2,0,3,0
_1922,POSTOJNA,2012/09,15.5,27.7,0.9,62,214.3,0,5,0
_1922,POSTOJNA,2012/10,11,22.2,-5,66,162.2,0,4,0
_1922,POSTOJNA,2012/11,7.9,17.6,-3,79,203.3,0,3,0
_1922,POSTOJNA,2012/12,0.7,10,-18.1,61,120.4,1,0,0
_1922,POSTOJNA,2013/01,1.1,15.3,-8.6,79,109.8,0,0,0
_1922,POSTOJNA,2013/02,0,8.9,-10.5,77,137.2,0,3,0
_1922,POSTOJNA,2013/03,3.1,13,-8.2,72,264.3,0,2,0
_1922,POSTOJNA,2013/04,9.9,23.6,-0.5,64,90.1,0,2,0
_1922,POSTOJNA,2013/05,12.6,26.8,3.5,71,272.5,0,6,0
_1922,POSTOJNA,2013/06,17.2,31.8,6.5,47,69.3,0,11,1
_1922,POSTOJNA,2013/07,21.2,33.3,8.8,33,33.3,0,7,1
_1922,POSTOJNA,2013/08,20.1,36.4,6.5,30,82.7,0,8,0
_1922,POSTOJNA,2013/09,14.5,27.4,4.9,63,157.5,0,3,0
_1922,POSTOJNA,2013/10,11.5,19.4,-0.6,73,63.2,0,2,0
_1922,POSTOJNA,2013/11,6.5,17.5,-7.5,75,274.8,1,3,0
_1922,POSTOJNA,2013/12,3.2,11.6,-10.5,53,67.6,0,0,0
_1922,POSTOJNA,2014/01,4.7,12,-6.1,89,283.6,0,2,2
_1922,POSTOJNA,2014/02,3.9,11.1,-4.5,84,330,0,1,2
_1922,POSTOJNA,2014/03,7.6,20.3,-2.5,49,84.6,0,2,2
_1922,POSTOJNA,2014/04,10.9,20.5,-0.3,68,117.3,0,3,1
_1922,POSTOJNA,2014/05,13,25.7,0.5,58,97,0,6,1
_1922,POSTOJNA,2014/06,17.8,31.9,3,55,117.4,0,9,0
_1922,POSTOJNA,2014/07,18.5,29.8,7.2,64,179.5,0,14,0
_1922,POSTOJNA,2014/08,17.8,28,6.3,56,137.1,1,9,0
_1922,POSTOJNA,2014/09,14.6,25.9,3.4,62,195.9,0,3,0
_1922,POSTOJNA,2014/10,12.2,22,0,60,122.8,1,3,1
_1922,POSTOJNA,2014/11,8.4,19.9,-1,80,267.6,1,3,0
_1922,POSTOJNA,2014/12,3.3,12,-8.9,72,136.6,0,1,0
_1922,POSTOJNA,2015/01,2.6,10.8,-10.5,71,74.4,0,1,0
_1922,POSTOJNA,2015/02,1.2,11,-12.9,70,61.4,2,0,0
_1922,POSTOJNA,2015/03,5.7,14.4,-3.7,53,139.1,1,1,0
_1922,POSTOJNA,2015/04,9.1,21.5,-4.5,51,36.2,0,0,0
_1922,POSTOJNA,2015/05,14.7,25,4.2,62,83.7,0,5,0
_1922,POSTOJNA,2015/06,18.5,30.5,5.5,43,92.4,1,7,0
_1922,POSTOJNA,2015/07,22,34.5,9.5,38,107.2,1,8,0
_1922,POSTOJNA,2015/08,20,33.2,9.3,38,105.5,0,6,0
_1922,POSTOJNA,2015/09,14.9,28.7,5,58,113.2,0,2,0
_1922,POSTOJNA,2015/10,10.1,20.9,-2,67,150.2,0,2,0
_1922,POSTOJNA,2015/11,6.2,23.7,-6.2,53,45.9,1,1,0
_1922,POSTOJNA,2015/12,3.5,14.7,-6.9,55,0.7,0,0,0
_1922,POSTOJNA,2016/01,1.3,14,-12,68,152,1,1,0
_1922,POSTOJNA,2016/02,4.3,11.8,-6,84,312.1,0,0,0
_1922,POSTOJNA,2016/03,5.3,16.5,-3.6,74,73.2,1,0,1
_1922,POSTOJNA,2016/04,10,22.1,-0.4,61,55.6,0,2,0
_1922,POSTOJNA,2016/05,12.7,25.5,1,66,137.3,1,7,0
_1922,POSTOJNA,2016/06,17.7,31.4,6.8,62,215,0,12,0
_1922,POSTOJNA,2016/07,20.9,31.1,9,42,35.8,0,7,0
_1922,POSTOJNA,2016/08,18.9,31,7.4,35,69.2,0,9,0
_1922,POSTOJNA,2016/09,16.3,29.2,3,55,81.7,0,2,0
_1922,POSTOJNA,2016/10,9.2,21.5,-3,66,200.8,0,2,0
_1922,POSTOJNA,2016/11,6.6,16,-7.2,77,215.7,0,1,0
_1922,POSTOJNA,2016/12,0.5,15.5,-10,37,0,0,0,0
_1922,POSTOJNA,2017/01,-3.2,10.1,-14.6,52,70,0,1,1
_1922,POSTOJNA,2017/02,3.7,13.8,-6,74,206.4,0,2,0
_1922,POSTOJNA,2017/03,8,21.8,-4.7,51,52.3,0,0,0
_1922,POSTOJNA,2017/04,9.4,21.7,-3.5,53,153.4,0,2,0
_1922,POSTOJNA,2017/05,14.2,26,1,55,81.2,0,4,0
_1922,POSTOJNA,2017/06,19.3,30.7,6.7,46,104.2,0,9,1
_1922,POSTOJNA,2017/07,20.5,32,7,37,80.4,0,5,0
_1922,POSTOJNA,2017/08,20.5,35.7,6.5,26,104.2,1,5,1
_1922,POSTOJNA,2017/09,12.7,23.4,1,74,364,0,7,0
_1922,POSTOJNA,2017/10,10.3,25.9,-0.7,55,63.4,0,2,0
_1922,POSTOJNA,2017/11,5.5,15.1,-7.1,77,242.4,1,2,0
_1922,POSTOJNA,2017/12,1.6,12.9,-13.1,66,314.5,2,2,0
_1922,POSTOJNA,2018/01,4.2,12.4,-6.3,79,119.9,0,1,0
_1922,POSTOJNA,2018/02,-1.8,8.2,-15.5,79,112.4,3,0,0
_1922,POSTOJNA,2018/03,3.1,12.7,-11,78,151.2,2,4,3
_1922,POSTOJNA,2018/04,12.3,26.2,-1,49,93.7,0,1,0
_1922,POSTOJNA,2018/05,15.9,26.7,4.3,66,123.2,0,13,0
_1922,POSTOJNA,2018/06,18.3,28.9,8.4,54,114.9,0,8,1
_1922,POSTOJNA,2018/07,20,32.3,10.5,57,117.7,0,11,2
_1922,POSTOJNA,2018/08,20.7,32.9,9.5,39,115.2,0,10,0
_1922,POSTOJNA,2018/09,15.6,28.7,1.5,44,75.2,0,5,0
_1922,POSTOJNA,2018/10,12.6,21.8,0.5,57,213.1,1,3,0
_1922,POSTOJNA,2018/11,7.2,16.2,-3.6,81,127.7,0,0,0
_1922,POSTOJNA,2018/12,1.8,14.9,-11.5,63,62.5,0,0,0
_1922,POSTOJNA,2019/01,-0.2,10.8,-10,69,65.7,0,1,0
_1922,POSTOJNA,2019/02,4.2,19.2,-6.5,41,162.8,1,1,0
_1922,POSTOJNA,2019/03,7,22.2,-5.6,52,32.4,1,0,0
_1922,POSTOJNA,2019/04,9.6,21.6,-1.5,70,103.5,0,1,1
_1922,POSTOJNA,2019/05,10.4,22.1,-1.7,81,284.4,1,4,0
_1922,POSTOJNA,2019/06,21,34.6,5.3,42,39.9,0,8,1
_1922,POSTOJNA,2019/07,20.4,33.6,7.7,52,137.6,0,10,1
_1922,POSTOJNA,2019/08,20.4,32.1,8.6,47,84.8,0,10,0
_1922,POSTOJNA,2019/09,15.1,30.6,1.4,51,123.9,0,7,0
_1922,POSTOJNA,2019/10,11.4,23.8,0.5,65,95.4,0,1,0
_1922,POSTOJNA,2019/11,7.9,17.7,1,88,343.6,1,4,0
_1922,POSTOJNA,2019/12,4,14.2,-6.7,62,195.3,0,1,0
_1922,POSTOJNA,2020/01,2.7,12,-9.6,46,26.8,0,1,0
_1922,POSTOJNA,2020/02,5.2,13.9,-7.5,56,50.5,1,2,0
_1922,POSTOJNA,2020/03,5.4,18.1,-3.5,55,116.5,2,1,0
_1922,POSTOJNA,2020/04,10.3,23,-8.1,32,34.1,0,2,1
_1922,POSTOJNA,2020/05,13.1,23.4,-0.2,63,111.2,0,4,0
_1922,POSTOJNA,2020/06,17,28.2,5.5,64,238.8,0,5,0
_1922,POSTOJNA,2020/07,19.5,31.5,7,41,79.5,2,5,0
_1922,POSTOJNA,2020/08,19.8,32.6,9.4,54,166.8,3,10,0
_1922,POSTOJNA,2020/09,15.7,27,2,43,194.2,1,1,0
_1922,POSTOJNA,2020/10,10.2,20.5,1.3,71,202.5,1,3,0
_1922,POSTOJNA,2020/11,5.6,18.5,-6.5,52,58.8,3,0,0
_1922,POSTOJNA,2020/12,3.4,11.3,-5,90,260.5,3,1,0